946684800,46,620,0,14.25
946684800,52,479,0,
946684800,58,527,0,
946684800,63,435,0,
946684800,68,456,0,
946684800,74,538,0,
946684800,79,447,0,
946684800,84,400,0,
946684800,89,610,0,
946684800,94,463,0,
946684800,100,316,0,
946684800,105,639,0,
946684800,110,477,0,
946684800,116,294,0,
946684800,121,605,0,
946684800,127,478,0,
946684800,132,329,0,
946684800,137,568,0,
946684800,142,485,0,
946684800,147,362,0,
946684800,153,503,0,
946684800,159,500,0,
946684800,164,390,0,
946684801,169,443,0,
946684801,175,498,0,
946684801,180,375,0,
946684801,186,446,0,
946684801,191,498,0,
946684801,196,388,0,
946684801,202,417,0,
946684801,207,495,0,
946684801,213,395,0,
946684801,218,393,0,
946684801,223,516,0,
946684801,228,402,0,
946684801,234,329,0,
946684801,240,579,0,
946684801,245,416,0,
946684801,250,244,0,
946684801,255,614,0,
946684801,261,430,0,
946684801,266,193,0,
946684801,271,590,0,
946684801,276,427,0,
946684801,281,232,0,
946684801,288,561,0,
946684801,293,443,0,
946684801,299,210,0,
946684801,304,580,0,
946684801,309,462,0,
946684801,314,271,0,
946684801,320,539,0,
946684801,326,482,0,
946684801,331,324,0,
946684801,336,483,0,
946684801,342,501,0,
946684801,347,367,0,
946684801,352,420,0,
946684801,357,511,0,
946684801,362,385,0,
946684801,369,402,0,
946684801,374,528,0,
946684801,379,405,0,
946684801,384,371,0,
946684801,389,571,0,
946684801,395,420,0,
946684801,400,298,0,
946684801,405,637,0,
946684801,411,446,0,
946684801,417,239,0,
946684801,422,660,0,
946684801,428,447,0,
946684801,433,252,0,
946684801,438,671,0,
946684801,443,471,0,
946684801,449,236,0,
946684801,455,647,0,
946684801,460,493,0,
946684801,465,286,0,
946684801,470,613,0,
946684801,476,521,0,
946684801,481,356,0,
946684801,486,569,0,
946684801,491,560,0,
946684801,497,405,0,
946684801,503,513,0,
946684801,508,584,0,
946684801,513,445,0,
946684801,518,484,0,
946684801,524,587,0,
946684801,529,467,0,
946684801,534,464,0,
946684801,540,624,0,
946684801,546,500,0,
946684801,551,484,0,
946684801,557,628,0,
946684801,562,500,0,
946684801,567,435,0,
946684801,572,704,0,
946684801,577,524,0,
946684801,585,523,1,
946684801,590,666,1,
946684801,596,532,1,
946684801,601,484,1,
946684801,606,711,1,
946684801,611,553,1,
946684801,617,412,1,
946684801,622,803,1,
946684801,628,595,1,
946684801,633,344,1,
946684801,638,856,1,
946684801,644,639,1,
946684801,649,339,1,
946684801,654,834,1,
946684801,659,658,1,
946684801,665,389,1,
946684801,671,784,1,
946684801,677,656,1,
946684801,682,367,1,
946684801,687,794,1,
946684801,692,665,1,
946684801,698,431,1,
946684801,703,746,1,
946684801,708,683,1,
946684801,714,481,1,
946684801,720,657,1,
946684801,725,697,1,
946684801,730,521,1,
946684801,735,571,1,
946684801,741,698,1,
946684801,746,533,1,
946684801,752,533,1,
946684801,757,689,1,
946684801,762,535,1,
946684801,768,487,1,
946684801,773,698,1,
946684801,778,534,1,
946684801,783,401,1,
946684801,789,750,1,
946684801,795,543,1,
946684801,801,405,1,
946684801,806,721,1,
946684801,811,517,1,
946684801,816,300,1,
946684801,822,760,1,
946684801,827,538,1,
946684801,832,258,1,
946684801,838,745,1,
946684801,844,546,1,
946684801,849,265,1,
946684801,854,690,1,
946684801,859,540,1,
946684801,864,312,1,
946684801,870,627,1,
946684801,875,546,1,
946684801,881,352,1,
946684801,886,541,1,
946684801,892,544,1,
946684801,897,381,1,
946684801,902,469,1,
946684801,907,553,1,
946684801,913,396,1,
946684801,918,412,1,
946684801,925,538,1,
946684801,930,387,1,
946684801,935,408,1,
946684801,940,532,1,
946684801,946,389,1,
946684801,951,384,1,
946684801,956,542,1,
946684801,961,403,1,
946684801,968,342,1,
946684801,973,572,1,
946684801,978,414,1,
946684801,983,262,1,
946684801,988,630,1,
946684801,994,431,1,
946684801,999,204,1,
946684801,1004,640,1,
946684801,1010,442,1,
946684801,1016,183,1,
946684801,1021,610,1,
946684801,1026,441,1,
946684801,1032,193,1,
946684801,1037,583,1,
946684801,1042,443,1,
946684801,1048,227,1,
946684801,1054,595,1,
946684801,1060,433,1,
946684801,1065,198,1,
946684801,1070,577,1,
946684801,1076,441,1,
946684801,1081,233,1,
946684801,1086,541,1,
946684801,1092,446,1,
946684801,1098,262,1,
946684801,1103,526,1,
946684801,1108,459,1,
946684801,1114,294,1,
946684801,1119,482,1,
946684801,1126,437,1,
946684801,1131,210,1,
946684801,1137,579,1,
946684801,1143,442,1,
946684801,1148,236,1,
946684801,1153,555,1,
946684801,1159,453,1,
946684801,1164,269,1,
946684802,1170,539,1,
946684802,1175,449,1,
946684802,1182,239,1,
946684802,1187,555,1,
946684802,1192,456,1,
946684802,1198,273,1,
946684802,1203,545,1,
946684802,1208,466,1,
946684802,1213,299,1,
946684802,1219,503,1,
946684802,1225,482,1,
946684802,1230,325,1,
946684802,1236,475,1,
946684802,1241,495,1,
946684802,1246,344,1,
946684802,1252,437,1,
946684802,1257,499,1,
946684802,1262,369,1,
946684802,1268,406,1,
946684802,1274,505,1,
946684802,1279,379,1,
946684802,1284,394,1,
946684802,1290,503,1,
946684802,1296,372,1,
946684802,1301,409,1,
946684802,1307,512,1,
946684802,1313,384,1,
946684802,1318,398,1,
946684802,1323,510,1,
946684802,1328,395,1,
946684802,1334,391,1,
946684802,1339,528,1,
946684802,1344,409,1,
946684802,1351,387,1,
946684802,1356,544,1,
946684802,1361,429,1,
946684802,1367,373,1,
946684802,1372,590,1,
946684802,1377,444,1,
946684802,1382,338,1,
946684802,1388,634,1,
946684802,1394,466,1,
946684802,1399,294,1,
946684802,1405,672,1,
946684802,1410,489,1,
946684802,1416,355,1,
946684802,1421,655,1,
946684802,1427,489,1,
946684802,1432,323,1,
946684802,1438,700,1,
946684802,1443,515,1,
946684802,1449,327,1,
946684802,1454,717,1,
946684802,1459,544,1,
946684802,1465,325,1,
946684802,1470,717,1,
946684802,1475,569,1,
946684802,1482,356,1,
946684802,1487,723,1,
946684802,1492,594,1,
946684802,1497,404,1,
946684802,1503,717,1,
946684802,1508,628,1,
946684802,1513,461,1,
946684802,1520,738,1,
946684802,1525,672,1,
946684802,1530,530,1,
946684802,1536,737,1,
946684802,1542,712,1,
946684802,1547,555,1,
946684802,1552,834,1,
946684802,1557,781,1,
946684802,1564,650,1,
946684802,1569,870,1,
946684802,1574,873,1,
946684802,1580,756,1,
946684802,1585,933,1,
946684802,1590,991,1,
946684802,1596,897,1,
946684802,1601,1024,1,
946684802,1607,1138,1,
946684802,1613,1072,1,
946684802,1618,1185,1,
946684802,1623,1336,1,
946684802,1629,1288,1,
946684802,1634,1407,1,
946684802,1639,1580,1,
946684802,1645,1547,1,
946684802,1651,1676,1,
946684802,1657,1873,1,
946684802,1663,1835,1,
946684802,1668,2044,1,
946684802,1675,2184,1,
946684802,1680,2098,1,
946684802,1686,2500,1,
946684802,1692,2499,1,
946684802,1697,2425,1,
946684802,1703,2790,1,
946684802,1708,2797,1,
946684802,1714,2723,1,
946684802,1719,3069,1,
946684802,1724,3079,1,
946684802,1730,3005,1,
946684802,1736,3327,1,
946684802,1741,3344,1,
946684802,1747,3267,1,
946684802,1752,3556,1,
946684802,1758,3587,1,
946684802,1763,3516,1,
946684802,1768,3765,1,
946684802,1774,3805,1,
946684802,1781,3688,1,
946684802,1786,4003,1,
946684802,1791,3974,1,
946684802,1797,3860,1,
946684802,1802,4149,1,
946684802,1808,4112,1,
946684802,1813,3986,1,
946684802,1819,4237,1,
946684802,1825,4204,1,
946684802,1830,4075,1,
946684802,1835,4280,1,
946684802,1841,4259,1,
946684802,1846,4121,1,
946684802,1852,4287,1,
946684802,1857,4263,1,
946684802,1863,4128,1,
946684802,1869,4268,1,
946684802,1874,4256,1,
946684802,1879,4098,1,
946684802,1885,4215,1,
946684802,1890,4206,1,
946684802,1896,4008,1,
946684802,1902,4197,1,
946684802,1908,4122,1,
946684802,1913,3952,1,
946684802,1919,4105,1,
946684802,1924,4051,1,
946684802,1929,3884,1,
946684802,1935,4012,1,
946684802,1940,3984,1,
946684802,1947,3821,1,
946684802,1952,3931,1,
946684802,1957,3923,1,
946684802,1963,3755,1,
946684802,1968,3863,1,
946684802,1973,3864,1,
946684802,1979,3708,1,
946684802,1984,3782,1,
946684802,1991,3806,1,
946684802,1996,3663,1,
946684802,2001,3705,1,
946684802,2007,3749,1,
946684802,2013,3570,1,
946684802,2018,3703,1,
946684802,2024,3690,1,
946684802,2029,3531,1,
946684802,2035,3649,1,
946684802,2041,3649,1,
946684802,2046,3482,1,
946684802,2051,3573,1,
946684802,2057,3581,1,
946684802,2062,3423,1,
946684802,2067,3474,1,
946684802,2073,3497,1,
946684802,2079,3347,1,
946684802,2085,3368,1,
946684802,2090,3414,1,
946684802,2095,3268,1,
946684802,2101,3280,1,
946684802,2106,3335,1,
946684802,2111,3190,1,
946684802,2118,3195,1,
946684802,2123,3261,1,
946684802,2129,3123,1,
946684802,2135,3170,1,
946684802,2140,3184,1,
946684802,2145,3040,1,
946684802,2151,3098,1,
946684802,2156,3140,1,
946684802,2163,3010,1,
946684803,2168,3054,1,
946684803,2173,3119,1,
946684803,2179,2994,1,
946684803,2184,3028,1,
946684803,2189,3112,1,
946684803,2195,2994,1,
946684803,2200,3020,1,
946684803,2207,3111,1,
946684803,2212,3006,1,
946684803,2217,3026,1,
946684803,2223,3123,1,
946684803,2229,2960,1,
946684803,2235,3152,1,
946684803,2240,3122,1,
946684803,2247,2984,1,
946684803,2253,3201,1,
946684803,2258,3118,1,
946684803,2263,2954,1,
946684803,2269,3205,1,
946684803,2274,3123,1,
946684803,2280,2962,1,
946684803,2285,3189,1,
946684803,2291,3123,1,
946684803,2297,2973,1,
946684803,2302,3175,1,
946684803,2307,3126,1,
946684803,2313,2988,1,
946684803,2318,3158,1,
946684803,2324,3130,1,
946684803,2329,2998,1,
946684803,2335,3145,1,
946684803,2341,3138,1,
946684803,2346,3002,1,
946684803,2351,3132,1,
946684803,2357,3142,1,
946684803,2362,3005,1,
946684803,2368,3185,1,
946684803,2375,3123,1,
946684803,2380,2977,1,
946684803,2385,3170,1,
946684803,2391,3127,1,
946684803,2396,2989,1,
946684803,2401,3153,1,
946684803,2407,3129,1,
946684803,2412,2995,1,
946684803,2419,3136,1,
946684803,2424,3132,1,
946684803,2429,2998,1,
946684803,2435,3128,1,
946684803,2440,3137,1,
946684803,2445,3001,1,
946684803,2451,3114,1,
946684803,2456,3140,1,
946684803,2463,3012,1,
946684803,2468,3100,1,
946684803,2473,3139,1,
946684803,2479,3024,1,
946684803,2485,3081,1,
946684803,2490,3127,1,
946684803,2495,2994,1,
946684803,2502,3135,1,
946684803,2507,3132,1,
946684803,2513,2999,1,
946684803,2518,3123,1,
946684803,2523,3135,1,
946684803,2529,3002,1,
946684803,2534,3106,1,
946684803,2539,3136,1,
946684803,2546,3015,1,
946684803,2551,3087,1,
946684803,2557,3136,1,
946684803,2562,3025,1,
946684803,2567,3076,1,
946684803,2573,3138,1,
946684803,2578,3029,1,
946684803,2583,3065,1,
946684803,2590,3140,1,
946684803,2595,3032,1,
946684803,2601,3057,1,
946684803,2607,3133,1,
946684803,2612,3000,1,
946684803,2617,3100,1,
946684803,2623,3133,1,
946684803,2628,3014,1,
946684803,2635,3087,1,
946684803,2640,3134,1,
946684803,2645,3023,1,
946684803,2651,3073,1,
946684803,2656,3135,1,
946684803,2661,3029,1,
946684803,2667,3062,1,
946684803,2673,3139,1,
946684803,2678,3030,1,
946684803,2684,3055,1,
946684803,2689,3137,1,
946684803,2695,3034,1,
946684803,2700,3051,1,
946684803,2705,3133,1,
946684803,2711,3036,1,
946684803,2717,3048,1,
946684803,2723,3130,1,
946684803,2729,3023,1,
946684803,2734,3071,1,
946684803,2739,3132,1,
946684803,2745,3028,1,
946684803,2750,3061,1,
946684803,2755,3134,1,
946684803,2762,3030,1,
946684803,2767,3053,1,
946684803,2773,3134,1,
946684803,2778,3034,1,
946684803,2785,3163,1,
946684803,2790,3111,1,
946684803,2796,2977,1,
946684803,2802,3145,1,
946684803,2807,3113,1,
946684803,2813,2986,1,
946684803,2818,3126,1,
946684803,2823,3118,1,
946684803,2829,2992,1,
946684803,2834,3117,1,
946684803,2840,3125,1,
946684803,2847,2957,1,
946684803,2852,3172,1,
946684803,2857,3108,1,
946684803,2863,2968,1,
946684803,2868,3160,1,
946684803,2873,3111,1,
946684803,2879,2982,1,
946684803,2884,3142,1,
946684803,2891,3114,1,
946684803,2896,2992,1,
946684803,2901,3127,1,
946684803,2907,3121,1,
946684803,2912,2995,1,
946684803,2917,3114,1,
946684803,2923,3124,1,
946684803,2929,2998,1,
946684803,2935,3103,1,
946684803,2940,3126,1,
946684803,2945,3010,1,
946684803,2951,3086,1,
946684803,2956,3126,1,
946684803,2962,2986,1,
946684803,2967,3132,1,
946684803,2974,3115,1,
946684803,2979,2994,1,
946684803,2985,3121,1,
946684803,2990,3120,1,
946684803,2995,2997,1,
946684803,3001,3112,1,
946684803,3006,3126,1,
946684803,3011,3001,1,
946684803,3018,3095,1,
946684803,3023,3127,1,
946684803,3029,3012,1,
946684803,3034,3082,1,
946684803,3039,3127,1,
946684803,3045,3023,1,
946684803,3050,3068,1,
946684803,3056,3130,1,
946684803,3062,3028,1,
946684803,3067,3058,1,
946684803,3073,3133,1,
946684803,3079,2995,1,
946684803,3084,3105,1,
946684803,3089,3124,1,
946684803,3095,3004,1,
946684803,3101,3092,1,
946684803,3106,3124,1,
946684803,3112,3015,1,
946684803,3117,3081,1,
946684803,3123,3125,1,
946684803,3128,3025,1,
946684803,3133,3067,1,
946684803,3139,3130,1,
946684803,3145,3022,1,
946684803,3150,3057,1,
946684803,3156,3135,1,
946684803,3161,3028,1,
946684804,3167,3053,1,
946684804,3172,3136,1,
946684804,3177,3034,1,
946684804,3184,3048,1,
946684804,3189,3129,1,
946684804,3195,3037,1,
946684804,3200,3081,1,
946684804,3206,3125,1,
946684804,3211,3023,1,
946684804,3217,3066,1,
946684804,3222,3127,1,
946684804,3228,3026,1,
946684804,3234,3057,1,
946684804,3239,3132,1,
946684804,3244,3026,1,
946684804,3250,3050,1,
946684804,3255,3131,1,
946684804,3261,3029,1,
946684804,3266,3043,1,
946684804,3272,3127,1,
946684804,3278,3035,1,
946684804,3283,3045,1,
946684804,3288,3125,1,
946684804,3294,3040,1,
946684804,3299,3036,1,
946684804,3305,3128,1,
946684804,3310,3037,1,
946684804,3317,3052,1,
946684804,3322,3123,1,
946684804,3328,3020,1,
946684804,3333,3047,1,
946684804,3340,3101,1,
946684804,3345,2957,1,
946684804,3351,3153,1,
946684804,3357,3109,1,
946684804,3362,2976,1,
946684804,3368,3144,1,
946684804,3373,3110,1,
946684804,3379,2980,1,
946684804,3384,3127,1,
946684804,3389,3117,1,
946684804,3395,2988,1,
946684804,3401,3112,1,
946684804,3406,3119,1,
946684804,3412,2990,1,
946684804,3417,3098,1,
946684804,3423,3122,1,
946684804,3428,3001,1,
946684804,3434,3150,1,
946684804,3440,3106,1,
946684804,3446,2972,1,
946684804,3451,3138,1,
946684804,3457,3111,1,
946684804,3462,2987,1,
946684804,3467,3123,1,
946684804,3473,3116,1,
946684804,3478,2990,1,
946684804,3484,3115,1,
946684804,3490,3118,1,
946684804,3495,2992,1,
946684804,3500,3105,1,
946684804,3506,3120,1,
946684804,3511,3000,1,
946684804,3517,3088,1,
946684804,3522,3121,1,
946684804,3528,3017,1,
946684804,3534,3071,1,
946684804,3539,3122,1,
946684804,3544,3018,1,
946684804,3551,3061,1,
946684804,3556,3111,1,
946684804,3561,2989,1,
946684804,3568,3110,1,
946684804,3573,3119,1,
946684804,3578,2993,1,
946684804,3584,3098,1,
946684804,3589,3121,1,
946684804,3595,3003,1,
946684804,3600,3085,1,
946684804,3605,3119,1,
946684804,3612,3015,1,
946684804,3617,3072,1,
946684804,3622,3116,1,
946684804,3628,3021,1,
946684804,3633,3068,1,
946684804,3638,3121,1,
946684804,3644,3021,1,
946684804,3649,3061,1,
946684804,3656,3122,1,
946684804,3661,3023,1,
946684804,3666,3066,1,
946684804,3672,3107,1,
946684804,3678,3000,1,
946684804,3683,3084,1,
946684804,3689,3108,1,
946684804,3694,3019,1,
946684804,3700,3073,1,
946684804,3706,3112,1,
946684804,3711,3019,1,
946684804,3716,3063,1,
946684804,3722,3103,1,
946684804,3727,3031,1,
946684804,3732,3055,1,
946684804,3739,3112,1,
946684804,3744,3030,1,
946684804,3750,3059,1,
946684804,3755,3110,1,
946684804,3760,3036,1,
946684804,3766,3048,1,
946684804,3771,3104,1,
946684804,3776,3039,1,
946684804,3783,3050,1,
946684804,3789,3109,1,
946684804,3794,3027,1,
946684804,3800,3064,1,
946684804,3805,3115,1,
946684804,3810,3022,1,
946684804,3816,3058,1,
946684804,3821,3116,1,
946684804,3828,3027,1,
946684804,3833,3054,1,
946684804,3838,3121,1,
946684804,3844,3028,1,
946684804,3849,3048,1,
946684804,3854,3118,1,
946684804,3860,3035,1,
946684804,3865,3041,1,
946684804,3871,3122,1,
946684804,3877,3033,1,
946684804,3882,3033,1,
946684804,3888,3131,1,
946684804,3894,2986,1,
946684804,3900,3104,1,
946684804,3906,3117,1,
946684804,3912,2955,1,
946684804,3918,3156,1,
946684804,3923,3100,1,
946684804,3928,2969,1,
946684804,3934,3144,1,
946684804,3939,3097,1,
946684804,3945,2980,1,
946684804,3950,3131,1,
946684804,3956,3102,1,
946684804,3962,2987,1,
946684804,3967,3118,1,
946684804,3972,3108,1,
946684804,3978,2991,1,
946684804,3983,3110,1,
946684804,3988,3112,1,
946684804,3995,2994,1,
946684804,4000,3094,1,
946684804,4006,3117,1,
946684804,4011,3003,1,
946684804,4016,3077,1,
946684804,4022,3116,1,
946684804,4028,2979,1,
946684804,4033,3125,1,
946684804,4040,3104,1,
946684804,4045,2985,1,
946684804,4050,3114,1,
946684804,4056,3113,1,
946684804,4061,2987,1,
946684804,4066,3110,1,
946684804,4072,3112,1,
946684804,4077,2995,1,
946684804,4084,3093,1,
946684804,4089,3112,1,
946684804,4094,3007,1,
946684804,4100,3082,1,
946684804,4105,3113,1,
946684804,4110,3014,1,
946684804,4116,3071,1,
946684804,4121,3117,1,
946684804,4127,3019,1,
946684804,4133,3054,1,
946684804,4138,3124,1,
946684804,4144,2985,1,
946684804,4150,3100,1,
946684804,4155,3116,1,
946684804,4160,2996,1,
946684805,4167,3083,1,
946684805,4172,3118,1,
946684805,4178,3006,1,
946684805,4183,3073,1,
946684805,4188,3121,1,
946684805,4194,3013,1,
946684805,4199,3059,1,
946684805,4204,3125,1,
946684805,4211,3026,1,
946684805,4216,3047,1,
946684805,4221,3125,1,
946684805,4227,3022,1,
946684805,4232,3046,1,
946684805,4238,3123,1,
946684805,4243,3027,1,
946684805,4248,3041,1,
946684805,4255,3124,1,
946684805,4261,3035,1,
946684805,4266,3062,1,
946684805,4272,3121,1,
946684805,4277,3018,1,
946684805,4282,3052,1,
946684805,4288,3127,1,
946684805,4294,3018,1,
946684805,4299,3049,1,
946684805,4305,3127,1,
946684805,4310,3022,1,
946684805,4316,3045,1,
946684805,4321,3122,1,
946684805,4326,3028,1,
946684805,4332,3039,1,
946684805,4338,3124,1,
946684805,4343,3033,1,
946684805,4349,3036,1,
946684805,4354,3122,1,
946684805,4359,3032,1,
946684805,4365,3032,1,
946684805,4370,3130,1,
946684805,4376,3035,1,
946684805,4383,3045,1,
946684805,4388,3129,1,
946684805,4393,3024,1,
946684805,4399,3045,1,
946684805,4404,3127,1,
946684805,4410,3028,1,
946684805,4415,3040,1,
946684805,4420,3124,1,
946684805,4427,3031,1,
946684805,4432,3036,1,
946684805,4437,3125,1,
946684805,4443,3032,1,
946684805,4450,3124,1,
946684805,4455,3112,1,
946684805,4460,2981,1,
946684805,4467,3113,1,
946684805,4472,3122,1,
946684805,4478,2990,1,
946684805,4483,3098,1,
946684805,4488,3127,1,
946684805,4494,2991,1,
946684805,4500,3143,1,
946684805,4505,3107,1,
946684805,4511,2975,1,
946684805,4517,3132,1,
946684805,4522,3116,1,
946684805,4528,2978,1,
946684805,4533,3118,1,
946684805,4538,3118,1,
946684805,4544,2987,1,
946684805,4550,3100,1,
946684805,4555,3119,1,
946684805,4561,2993,1,
946684805,4566,3093,1,
946684805,4572,3125,1,
946684805,4577,3000,1,
946684805,4582,3071,1,
946684805,4588,3124,1,
946684805,4594,3019,1,
946684805,4599,3058,1,
946684805,4605,3135,1,
946684805,4610,3025,1,
946684805,4616,3050,1,
946684805,4622,3120,1,
946684805,4627,2988,1,
946684805,4632,3102,1,
946684805,4639,3119,1,
946684805,4644,3000,1,
946684805,4649,3083,1,
946684805,4655,3128,1,
946684805,4660,3013,1,
946684805,4666,3064,1,
946684805,4671,3126,1,
946684805,4676,3021,1,
946684805,4683,3053,1,
946684805,4688,3132,1,
946684805,4693,3026,1,
946684805,4699,3049,1,
946684805,4704,3128,1,
946684805,4710,3026,1,
946684805,4715,3049,1,
946684805,4721,3128,1,
946684805,4727,3029,1,
946684805,4732,3041,1,
946684805,4738,3119,1,
946684805,4743,3007,1,
946684805,4749,3056,1,
946684805,4754,3123,1,
946684805,4760,3022,1,
946684805,4766,3056,1,
946684805,4771,3134,1,
946684805,4777,3015,1,
946684805,4782,3050,1,
946684805,4787,3130,1,
946684805,4793,3028,1,
946684805,4798,3047,1,
946684805,4804,3125,1,
946684805,4810,3033,1,
946684805,4815,3039,1,
946684805,4821,3127,1,
946684805,4826,3030,1,
946684805,4831,3041,1,
946684805,4837,3129,1,
946684805,4842,3033,1,
946684805,4849,3030,1,
946684805,4855,3128,1,
946684805,4860,3026,1,
946684805,4865,3046,1,
946684805,4871,3127,1,
946684805,4876,3026,1,
946684805,4881,3046,1,
946684805,4887,3132,1,
946684805,4893,3037,1,
946684805,4899,3038,1,
946684805,4904,3127,1,
946684805,4909,3036,1,
946684805,4915,3028,1,
946684805,4920,3133,1,
946684805,4925,3034,1,
946684805,4931,3026,1,
946684805,4937,3140,1,
946684805,4943,3040,1,
946684805,4948,3022,1,
946684805,4953,3141,1,
946684805,4959,3047,1,
946684805,4964,3021,1,
946684805,4970,3152,1,
946684805,4977,3037,1,
946684805,4982,3036,1,
946684805,4987,3124,1,
946684805,4993,3039,1,
946684805,4998,3030,1,
946684805,5005,3117,1,
946684805,5010,2989,1,
946684805,5016,3109,1,
946684805,5022,3122,1,
946684805,5027,2990,1,
946684805,5033,3095,1,
946684805,5038,3122,1,
946684805,5043,3003,1,
946684805,5049,3077,1,
946684805,5054,3120,1,
946684805,5060,3014,1,
946684805,5066,3059,1,
946684805,5071,3128,1,
946684805,5077,3024,1,
946684805,5082,3049,1,
946684805,5087,3132,1,
946684805,5094,2978,1,
946684805,5099,3104,1,
946684805,5105,3123,1,
946684805,5111,2996,1,
946684805,5116,3091,1,
946684805,5121,3132,1,
946684805,5127,3013,1,
946684805,5132,3070,1,
946684805,5137,3125,1,
946684805,5143,3018,1,
946684805,5149,3066,1,
946684805,5155,3129,1,
946684805,5160,3022,1,
946684806,5165,3051,1,
946684806,5171,3127,1,
946684806,5176,3022,1,
946684806,5181,3046,1,
946684806,5187,3129,1,
946684806,5193,3028,1,
946684806,5199,3044,1,
946684806,5204,3123,1,
946684806,5210,3014,1,
946684806,5215,3067,1,
946684806,5221,3124,1,
946684806,5226,3019,1,
946684806,5233,3057,1,
946684806,5238,3133,1,
946684806,5243,3022,1,
946684806,5249,3048,1,
946684806,5254,3131,1,
946684806,5259,3030,1,
946684806,5265,3041,1,
946684806,5270,3127,1,
946684806,5276,3028,1,
946684806,5282,3035,1,
946684806,5287,3127,1,
946684806,5293,3035,1,
946684806,5298,3036,1,
946684806,5303,3123,1,
946684806,5309,3037,1,
946684806,5314,3039,1,
946684806,5320,3133,1,
946684806,5327,3034,1,
946684806,5332,3046,1,
946684806,5337,3128,1,
946684806,5343,3029,1,
946684806,5348,3040,1,
946684806,5353,3124,1,
946684806,5360,3030,1,
946684806,5365,3040,1,
946684806,5371,3125,1,
946684806,5376,3033,1,
946684806,5381,3037,1,
946684806,5387,3125,1,
946684806,5392,3034,1,
946684806,5397,3030,1,
946684806,5404,3133,1,
946684806,5409,3037,1,
946684806,5414,3028,1,
946684806,5420,3139,1,
946684806,5425,3042,1,
946684806,5431,3027,1,
946684806,5436,3140,1,
946684806,5441,3044,1,
946684806,5448,3036,1,
946684806,5454,3125,1,
946684806,5459,3028,1,
946684806,5465,3032,1,
946684806,5470,3130,1,
946684806,5475,3034,1,
946684806,5481,3030,1,
946684806,5486,3126,1,
946684806,5492,3038,1,
946684806,5498,3027,1,
946684806,5503,3138,1,
946684806,5509,3041,1,
946684806,5514,3025,1,
946684806,5519,3142,1,
946684806,5525,3046,1,
946684806,5531,3014,1,
946684806,5536,3145,1,
946684806,5542,3052,1,
946684806,5547,2998,1,
946684806,5552,3161,1,
946684806,5559,3021,1,
946684806,5565,3114,1,
946684806,5571,3117,1,
946684806,5577,2991,1,
946684806,5583,3113,1,
946684806,5588,3122,1,
946684806,5593,2995,1,
946684806,5599,3089,1,
946684806,5604,3126,1,
946684806,5609,3007,1,
946684806,5616,3072,1,
946684806,5621,3123,1,
946684806,5627,3017,1,
946684806,5632,3067,1,
946684806,5637,3129,1,
946684806,5643,3021,1,
946684806,5648,3054,1,
946684806,5653,3129,1,
946684806,5660,3023,1,
946684806,5665,3049,1,
946684806,5670,3126,1,
946684806,5676,3026,1,
946684806,5682,3046,1,
946684806,5687,3125,1,
946684806,5693,3007,1,
946684806,5698,3068,1,
946684806,5704,3122,1,
946684806,5710,3018,1,
946684806,5715,3058,1,
946684806,5721,3124,1,
946684806,5726,3021,1,
946684806,5731,3050,1,
946684806,5737,3129,1,
946684806,5742,3019,1,
946684806,5748,3039,1,
946684806,5754,3126,1,
946684806,5759,3027,1,
946684806,5764,3038,1,
946684806,5770,3119,1,
946684806,5775,3036,1,
946684806,5781,3036,1,
946684806,5787,3123,1,
946684806,5792,3035,1,
946684806,5798,3024,1,
946684806,5804,3125,1,
946684806,5809,3024,1,
946684806,5815,3045,1,
946684806,5820,3128,1,
946684806,5825,3030,1,
946684806,5832,3031,1,
946684806,5837,3126,1,
946684806,5842,3030,1,
946684806,5848,3037,1,
946684806,5853,3124,1,
946684806,5858,3029,1,
946684806,5864,3033,1,
946684806,5869,3131,1,
946684806,5876,3035,1,
946684806,5881,3028,1,
946684806,5886,3138,1,
946684806,5892,3038,1,
946684806,5897,3021,1,
946684806,5902,3140,1,
946684806,5908,3041,1,
946684806,5913,3021,1,
946684806,5920,3122,1,
946684806,5926,3031,1,
946684806,5931,3039,1,
946684806,5936,3125,1,
946684806,5942,3033,1,
946684806,5947,3029,1,
946684806,5953,3132,1,
946684806,5959,3034,1,
946684806,5964,3026,1,
946684806,5970,3134,1,
946684806,5975,3040,1,
946684806,5980,3023,1,
946684806,5986,3141,1,
946684806,5991,3041,1,
946684806,5996,3024,1,
946684806,6003,3143,1,
946684806,6008,3044,1,
946684806,6014,3009,1,
946684806,6019,3154,1,
946684806,6024,3045,1,
946684806,6030,2992,1,
946684806,6036,3168,1,
946684806,6041,3033,1,
946684806,6048,3025,1,
946684806,6053,3137,1,
946684806,6058,3040,1,
946684806,6064,3024,1,
946684806,6069,3144,1,
946684806,6074,3044,1,
946684806,6080,3018,1,
946684806,6086,3147,1,
946684806,6091,3047,1,
946684806,6097,3003,1,
946684806,6102,3160,1,
946684806,6108,3048,1,
946684806,6,2908,0,14.50
946684806,14,3085,0,
946684806,19,2975,0,
946684806,24,2816,0,
946684806,29,3049,0,
946684806,35,2987,0,
946684806,40,2856,0,
946684807,45,2994,0,
946684807,52,3003,0,
946684807,57,2851,0,
946684807,62,3005,0,
946684807,68,3002,0,
946684807,73,2882,0,
946684807,78,2944,0,
946684807,83,3011,0,
946684807,88,2905,0,
946684807,95,2921,0,
946684807,100,3009,0,
946684807,105,2913,0,
946684807,110,2904,0,
946684807,116,3025,0,
946684807,121,2927,0,
946684807,126,2883,0,
946684807,132,3048,0,
946684807,138,2933,0,
946684807,143,2846,0,
946684807,148,3092,0,
946684807,154,2947,0,
946684807,159,2794,0,
946684807,164,3127,0,
946684807,170,2958,0,
946684807,176,2838,0,
946684807,182,3101,0,
946684807,187,2949,0,
946684807,192,2787,0,
946684807,198,3128,0,
946684807,203,2959,0,
946684807,208,2768,0,
946684807,214,3125,0,
946684807,219,2967,0,
946684807,225,2766,0,
946684807,230,3100,0,
946684807,236,2972,0,
946684807,241,2781,0,
946684807,246,3078,0,
946684807,252,2978,0,
946684807,257,2820,0,
946684807,262,3060,0,
946684807,268,2989,0,
946684807,274,2850,0,
946684807,279,3019,0,
946684807,284,3000,0,
946684807,290,2868,0,
946684807,296,3052,0,
946684807,301,2990,0,
946684807,307,2859,0,
946684807,312,3011,0,
946684807,318,3007,0,
946684807,323,2872,0,
946684807,328,2977,0,
946684807,334,3012,0,
946684807,339,2904,0,
946684807,344,2940,0,
946684807,350,3019,0,
946684807,356,2912,0,
946684807,361,2927,0,
946684807,366,3014,0,
946684807,372,2921,0,
946684807,377,2917,0,
946684807,382,3032,0,
946684807,387,2934,0,
946684807,394,2901,0,
946684807,399,3053,0,
946684807,404,2939,0,
946684807,410,2865,0,
946684807,416,3099,0,
946684807,421,2936,0,
946684807,426,2888,0,
946684807,431,3068,0,
946684807,438,2946,0,
946684807,443,2852,0,
946684807,448,3109,0,
946684807,454,2960,0,
946684807,459,2800,0,
946684807,464,3147,0,
946684807,469,2969,0,
946684807,475,2784,0,
946684807,481,3148,0,
946684807,486,2983,0,
946684807,492,2770,0,
946684807,497,3124,0,
946684807,502,2983,0,
946684807,507,2779,0,
946684807,513,3104,0,
946684807,518,2992,0,
946684807,524,2825,0,
946684807,530,3083,0,
946684807,535,3003,0,
946684807,541,2788,0,
946684807,546,3101,0,
946684807,553,3106,1,
946684807,558,2931,1,
946684807,565,3295,1,
946684807,570,3117,1,
946684807,575,2903,1,
946684807,580,3286,1,
946684807,586,3125,1,
946684807,591,2910,1,
946684807,596,3267,1,
946684807,602,3129,1,
946684807,608,2922,1,
946684807,613,3249,1,
946684807,619,3140,1,
946684807,624,2965,1,
946684807,629,3234,1,
946684807,634,3154,1,
946684807,640,3001,1,
946684807,645,3223,1,
946684807,651,3191,1,
946684807,657,3063,1,
946684807,663,3311,1,
946684807,668,3261,1,
946684807,673,3141,1,
946684807,679,3416,1,
946684807,684,3435,1,
946684807,689,3354,1,
946684807,695,3579,1,
946684807,701,3664,1,
946684807,706,3576,1,
946684807,711,3723,1,
946684807,717,3817,1,
946684807,722,3726,1,
946684807,727,3797,1,
946684807,734,3920,1,
946684807,739,3830,1,
946684807,744,3883,1,
946684807,749,4035,1,
946684807,755,3976,1,
946684807,760,4037,1,
946684807,765,4251,1,
946684807,771,4218,1,
946684807,777,4287,1,
946684807,783,4566,1,
946684807,788,4556,1,
946684807,794,4697,1,
946684807,799,4994,1,
946684807,804,5043,1,
946684807,809,5204,1,
946684807,815,5591,1,
946684807,821,5684,1,
946684807,826,5856,1,
946684807,832,6401,1,
946684807,837,6519,1,
946684807,842,6692,1,
946684807,848,7461,1,
946684807,853,7683,1,
946684807,858,7981,1,
946684807,864,8903,1,
946684807,870,8740,1,
946684807,875,8501,1,
946684807,880,9103,1,
946684807,886,8898,1,
946684807,891,8652,1,
946684807,896,9274,1,
946684807,902,9157,1,
946684807,909,8922,1,
946684807,914,9545,1,
946684807,919,9342,1,
946684807,925,9029,1,
946684807,930,9562,1,
946684807,935,9345,1,
946684807,940,9012,1,
946684807,947,9493,1,
946684807,952,9298,1,
946684807,957,9010,1,
946684807,963,9402,1,
946684807,968,9258,1,
946684807,973,9012,1,
946684807,979,9364,1,
946684807,984,9300,1,
946684807,990,9080,1,
946684807,995,9338,1,
946684807,1001,9349,1,
946684807,1006,9119,1,
946684807,1011,9317,1,
946684807,1017,9323,1,
946684807,1023,9071,1,
946684807,1028,9294,1,
946684807,1035,9182,1,
946684807,1040,8895,1,
946684808,1045,9147,1,
946684808,1051,9038,1,
946684808,1056,8785,1,
946684808,1062,9022,1,
946684808,1067,8992,1,
946684808,1072,8771,1,
946684808,1079,9001,1,
946684808,1084,9033,1,
946684808,1089,8810,1,
946684808,1095,9029,1,
946684808,1102,9041,1,
946684808,1107,8725,1,
946684808,1112,9277,1,
946684808,1119,9102,1,
946684808,1124,8798,1,
946684808,1129,9291,1,
946684808,1135,9144,1,
946684808,1140,8860,1,
946684808,1146,9371,1,
946684808,1152,9152,1,
946684808,1157,8813,1,
946684808,1163,9392,1,
946684808,1169,9191,1,
946684808,1174,8875,1,
946684808,1180,9453,1,
946684808,1185,9269,1,
946684808,1190,8967,1,
946684808,1196,9537,1,
946684808,1201,9385,1,
946684808,1207,9105,1,
946684808,1213,9621,1,
946684808,1218,9482,1,
946684808,1224,9203,1,
946684808,1229,9650,1,
946684808,1234,9510,1,
946684808,1240,9224,1,
946684808,1246,9626,1,
946684808,1251,9487,1,
946684808,1257,9199,1,
946684808,1263,9574,1,
946684808,1268,9415,1,
946684808,1274,9049,1,
946684808,1279,9554,1,
946684808,1284,9340,1,
946684808,1291,9011,1,
946684808,1296,9485,1,
946684808,1301,9321,1,
946684808,1307,9037,1,
946684808,1312,9494,1,
946684808,1318,9367,1,
946684808,1323,9109,1,
946684808,1328,9539,1,
946684808,1335,9435,1,
946684808,1340,9185,1,
946684808,1345,9594,1,
946684808,1351,9498,1,
946684808,1356,9254,1,
946684808,1362,9629,1,
946684808,1367,9557,1,
946684808,1372,9325,1,
946684808,1379,9647,1,
946684808,1385,9589,1,
946684808,1390,9315,1,
946684808,1395,9766,1,
946684808,1401,9646,1,
946684808,1406,9383,1,
946684808,1412,9805,1,
946684808,1418,9693,1,
946684808,1423,9436,1,
946684808,1429,9822,1,
946684808,1434,9720,1,
946684808,1439,9466,1,
946684808,1445,9813,1,
946684808,1450,9723,1,
946684808,1456,9481,1,
946684808,1462,9758,1,
946684808,1467,9730,1,
946684808,1473,9499,1,
946684808,1478,9736,1,
946684808,1483,9725,1,
946684808,1489,9490,1,
946684808,1494,9693,1,
946684808,1500,9683,1,
946684808,1507,9393,1,
946684808,1512,9736,1,
946684808,1517,9613,1,
946684808,1523,9349,1,
946684808,1528,9622,1,
946684808,1533,9555,1,
946684808,1539,9304,1,
946684808,1545,9536,1,
946684808,1551,9495,1,
946684808,1556,9219,1,
946684808,1561,9392,1,
946684808,1567,9419,1,
946684808,1572,9185,1,
946684808,1577,9370,1,
946684808,1583,9407,1,
946684808,1589,9172,1,
946684808,1595,9316,1,
946684808,1600,9385,1,
946684808,1605,9166,1,
946684808,1611,9245,1,
946684808,1625,9343,1,
946684808,1631,9418,1,
946684808,1637,9162,1,
946684808,1642,8965,1,
946684808,1647,9424,1,
946684808,1653,9165,1,
946684808,1658,8905,1,
946684808,1665,9270,1,
946684808,1670,9095,1,
946684808,1677,9075,1,
946684808,1682,9265,1,
946684808,1687,9080,1,
946684808,1693,9035,1,
946684808,1698,9232,1,
946684808,1703,9037,1,
946684808,1709,8957,1,
946684808,1715,9165,1,
946684808,1721,8963,1,
946684808,1726,8850,1,
946684808,1731,9131,1,
946684808,1737,8906,1,
946684808,1743,8751,1,
946684808,1748,9003,1,
946684808,1753,8811,1,
946684808,1760,8751,1,
946684808,1765,8947,1,
946684808,1771,8769,1,
946684808,1776,8705,1,
946684808,1781,8948,1,
946684808,1787,8774,1,
946684808,1792,8681,1,
946684808,1797,8984,1,
946684808,1804,8794,1,
946684808,1809,8674,1,
946684808,1814,9024,1,
946684808,1820,8815,1,
946684808,1825,8665,1,
946684808,1831,9059,1,
946684808,1836,8823,1,
946684808,1841,8621,1,
946684808,1848,9056,1,
946684808,1853,8808,1,
946684808,1858,8569,1,
946684808,1865,8959,1,
946684808,1870,8776,1,
946684808,1875,8672,1,
946684808,1881,8990,1,
946684808,1887,8791,1,
946684808,1892,8671,1,
946684808,1898,9044,1,
946684808,1903,8833,1,
946684808,1909,8682,1,
946684808,1914,9103,1,
946684808,1919,8897,1,
946684808,1925,8726,1,
946684808,1931,9188,1,
946684808,1936,8968,1,
946684808,1942,8757,1,
946684808,1947,9258,1,
946684808,1952,9019,1,
946684808,1958,8774,1,
946684808,1963,9304,1,
946684808,1969,9048,1,
946684808,1975,8799,1,
946684808,1981,9321,1,
946684808,1986,9051,1,
946684808,1992,8912,1,
946684808,1997,9283,1,
946684808,2003,9070,1,
946684808,2008,8881,1,
946684808,2014,9297,1,
946684808,2020,9065,1,
946684808,2025,8836,1,
946684808,2030,9309,1,
946684808,2036,9060,1,
946684809,2041,8813,1,
946684809,2047,9312,1,
946684809,2052,9065,1,
946684809,2058,8809,1,
946684809,2064,9309,1,
946684809,2069,9062,1,
946684809,2074,8793,1,
946684809,2080,9293,1,
946684809,2085,9051,1,
946684809,2090,8756,1,
946684809,2097,9254,1,
946684809,2103,8987,1,
946684809,2108,8737,1,
946684809,2114,9186,1,
946684809,2119,8917,1,
946684809,2124,8647,1,
946684809,2130,9093,1,
946684809,2135,8816,1,
946684809,2142,8517,1,
946684809,2147,8952,1,
946684809,2152,8658,1,
946684809,2158,8329,1,
946684809,2163,8749,1,
946684809,2168,8457,1,
946684809,2174,8096,1,
946684809,2179,8524,1,
946684809,2185,8229,1,
946684809,2191,7870,1,
946684809,2196,8258,1,
946684809,2202,7983,1,
946684809,2207,7624,1,
946684809,2212,7980,1,
946684809,2220,7610,1,
946684809,2225,7493,1,
946684809,2232,7556,1,
946684809,2237,7317,1,
946684809,2242,7179,1,
946684809,2248,7253,1,
946684809,2253,7011,1,
946684809,2259,6849,1,
946684809,2264,6956,1,
946684809,2270,6707,1,
946684809,2276,6523,1,
946684809,2281,6662,1,
946684809,2286,6404,1,
946684809,2292,6205,1,
946684809,2297,6382,1,
946684809,2303,6105,1,
946684809,2308,5889,1,
946684809,2314,6091,1,
946684809,2320,5820,1,
946684809,2325,5590,1,
946684809,2330,5823,1,
946684809,2336,5551,1,
946684809,2342,5379,1,
946684809,2347,5474,1,
946684809,2353,5252,1,
946684809,2359,5097,1,
946684809,2364,5226,1,
946684809,2370,4996,1,
946684809,2375,4833,1,
946684809,2380,4999,1,
946684809,2386,4777,1,
946684809,2391,4608,1,
946684809,2398,4817,1,
946684809,2403,4594,1,
946684809,2408,4411,1,
946684809,2414,4670,1,
946684809,2419,4454,1,
946684809,2424,4255,1,
946684809,2430,4565,1,
946684809,2435,4344,1,
946684809,2441,4120,1,
946684809,2447,4453,1,
946684809,2453,4225,1,
946684809,2458,4074,1,
946684809,2464,4289,1,
946684809,2469,4106,1,
946684809,2474,3968,1,
946684809,2480,4214,1,
946684809,2486,4022,1,
946684809,2492,3856,1,
946684809,2497,4137,1,
946684809,2502,3935,1,
946684809,2508,3739,1,
946684809,2513,4055,1,
946684809,2518,3845,1,
946684809,2524,3637,1,
946684809,2530,3974,1,
946684809,2536,3756,1,
946684809,2541,3544,1,
946684809,2546,3890,1,
946684809,2552,3684,1,
946684809,2557,3470,1,
946684809,2562,3824,1,
946684809,2569,3631,1,
946684809,2575,3450,1,
946684809,2580,3746,1,
946684809,2586,3552,1,
946684809,2591,3372,1,
946684809,2596,3696,1,
946684809,2602,3500,1,
946684809,2607,3304,1,
946684809,2613,3651,1,
946684809,2619,3454,1,
946684809,2624,3257,1,
946684809,2630,3611,1,
946684809,2635,3420,1,
946684809,2640,3209,1,
946684809,2646,3569,1,
946684809,2651,3380,1,
946684809,2657,3160,1,
946684809,2663,3527,1,
946684809,2668,3349,1,
946684809,2674,3123,1,
946684809,2679,3486,1,
946684809,2684,3321,1,
946684809,2690,3102,1,
946684809,2697,3475,1,
946684809,2702,3283,1,
946684809,2707,3087,1,
946684809,2713,3450,1,
946684809,2718,3263,1,
946684809,2724,3055,1,
946684809,2729,3422,1,
946684809,2734,3239,1,
946684809,2741,3014,1,
946684809,2746,3389,1,
946684809,2751,3211,1,
946684809,2757,2988,1,
946684809,2762,3348,1,
946684809,2768,3186,1,
946684809,2774,3059,1,
946684809,2780,3274,1,
946684809,2786,3120,1,
946684809,2792,3013,1,
946684809,2797,3258,1,
946684809,2802,3094,1,
946684809,2808,2963,1,
946684809,2814,3167,1,
946684809,2819,3049,1,
946684809,2825,2994,1,
946684809,2831,3159,1,
946684809,2836,3033,1,
946684809,2842,2962,1,
946684809,2847,3161,1,
946684809,2852,3030,1,
946684809,2858,2951,1,
946684809,2863,3180,1,
946684809,2869,3036,1,
946684809,2875,2936,1,
946684809,2880,3193,1,
946684809,2886,3041,1,
946684809,2891,2917,1,
946684809,2896,3206,1,
946684809,2902,3046,1,
946684809,2907,2889,1,
946684809,2913,3221,1,
946684809,2919,3048,1,
946684809,2924,2883,1,
946684809,2930,3169,1,
946684809,2936,3035,1,
946684809,2941,2944,1,
946684809,2946,3184,1,
946684809,2953,3039,1,
946684809,2958,2919,1,
946684809,2963,3199,1,
946684809,2969,3045,1,
946684809,2974,2900,1,
946684809,2980,3212,1,
946684809,2985,3048,1,
946684809,2990,2882,1,
946684809,2997,3225,1,
946684809,3002,3053,1,
946684809,3007,2875,1,
946684809,3013,3226,1,
946684809,3018,3052,1,
946684809,3024,2872,1,
946684809,3029,3221,1,
946684809,3034,3054,1,
946684809,3041,2857,1,
946684810,3047,3218,1,
946684810,3052,3038,1,
946684810,3058,2891,1,
946684810,3063,3205,1,
946684810,3068,3043,1,
946684810,3074,2877,1,
946684810,3080,3219,1,
946684810,3085,3043,1,
946684810,3091,2870,1,
946684810,3096,3214,1,
946684810,3101,3046,1,
946684810,3107,2874,1,
946684810,3112,3210,1,
946684810,3118,3043,1,
946684810,3124,2860,1,
946684810,3129,3204,1,
946684810,3135,3044,1,
946684810,3140,2851,1,
946684810,3145,3194,1,
946684810,3151,3042,1,
946684810,3156,2876,1,
946684810,3162,3176,1,
946684810,3169,3029,1,
946684810,3174,2902,1,
946684810,3179,3171,1,
946684810,3185,3029,1,
946684810,3190,2903,1,
946684810,3196,3163,1,
946684810,3201,3035,1,
946684810,3206,2893,1,
946684810,3213,3159,1,
946684810,3218,3036,1,
946684810,3223,2881,1,
946684810,3229,3156,1,
946684810,3234,3036,1,
946684810,3239,2885,1,
946684810,3245,3143,1,
946684810,3251,3036,1,
946684810,3257,2886,1,
946684810,3262,3137,1,
946684810,3267,3033,1,
946684810,3273,2885,1,
946684810,3278,3131,1,
946684810,3284,3029,1,
946684810,3290,2886,1,
946684810,3296,3151,1,
946684810,3301,3032,1,
946684810,3307,2874,1,
946684810,3312,3146,1,
946684810,3317,3030,1,
946684810,3323,2879,1,
946684810,3330,3095,1,
946684810,3336,3003,1,
946684810,3341,2953,1,
946684810,3347,3105,1,
946684810,3352,3006,1,
946684810,3357,2942,1,
946684810,3363,3116,1,
946684810,3368,3011,1,
946684810,3374,2925,1,
946684810,3380,3126,1,
946684810,3385,3012,1,
946684810,3391,2905,1,
946684810,3396,3132,1,
946684810,3402,3015,1,
946684810,3408,2956,1,
946684810,3413,3093,1,
946684810,3418,3002,1,
946684810,3425,2947,1,
946684810,3430,3106,1,
946684810,3435,3004,1,
946684810,3441,2927,1,
946684810,3446,3113,1,
946684810,3452,3005,1,
946684810,3457,2917,1,
946684810,3462,3124,1,
946684810,3469,3012,1,
946684810,3474,2897,1,
946684810,3479,3131,1,
946684810,3485,3006,1,
946684810,3490,2889,1,
946684810,3495,3136,1,
946684810,3501,3014,1,
946684810,3507,2885,1,
946684810,3513,3142,1,
946684810,3519,3017,1,
946684810,3524,2923,1,
946684810,3529,3112,1,
946684810,3535,3004,1,
946684810,3540,2902,1,
946684810,3546,3125,1,
946684810,3552,3006,1,
946684810,3557,2888,1,
946684810,3563,3137,1,
946684810,3568,3010,1,
946684810,3573,2883,1,
946684810,3579,3135,1,
946684810,3584,3012,1,
946684810,3590,2883,1,
946684810,3596,3138,1,
946684810,3601,3015,1,
946684810,3607,2879,1,
946684810,3612,3137,1,
946684810,3617,3016,1,
946684810,3623,2866,1,
946684810,3628,3136,1,
946684810,3633,3022,1,
946684810,3641,2883,1,
946684810,3646,3131,1,
946684810,3651,3010,1,
946684810,3657,2886,1,
946684810,3662,3135,1,
946684810,3667,3009,1,
946684810,3673,2880,1,
946684810,3679,3142,1,
946684810,3685,3014,1,
946684810,3690,2871,1,
946684810,3695,3132,1,
946684810,3701,3016,1,
946684810,3706,2856,1,
946684810,3711,3134,1,
946684810,3717,3018,1,
946684810,3723,2851,1,
946684810,3729,3127,1,
946684810,3734,3014,1,
946684810,3739,2866,1,
946684810,3745,3121,1,
946684810,3750,3016,1,
946684810,3756,2864,1,
946684810,3761,3137,1,
946684810,3768,3014,1,
946684810,3773,2863,1,
946684810,3779,3129,1,
946684810,3784,3012,1,
946684810,3789,2849,1,
946684810,3795,3143,1,
946684810,3800,3011,1,
946684810,3806,2852,1,
946684810,3812,3130,1,
946684810,3817,3013,1,
946684810,3823,2854,1,
946684810,3828,3117,1,
946684810,3833,3008,1,
946684810,3839,2862,1,
946684810,3844,3110,1,
946684810,3850,3015,1,
946684810,3856,2858,1,
946684810,3861,3123,1,
946684810,3867,3009,1,
946684810,3873,2878,1,
946684810,3878,3127,1,
946684810,3885,2982,1,
946684810,3891,2941,1,
946684810,3897,3082,1,
946684810,3902,2984,1,
946684810,3907,2931,1,
946684810,3913,3093,1,
946684810,3918,2991,1,
946684810,3923,2918,1,
946684810,3929,3103,1,
946684810,3935,2993,1,
946684810,3941,2897,1,
946684810,3946,3117,1,
946684810,3951,2997,1,
946684810,3957,2878,1,
946684810,3962,3129,1,
946684810,3967,3005,1,
946684810,3973,2874,1,
946684810,3979,3136,1,
946684810,3984,3003,1,
946684810,3990,2871,1,
946684810,3996,3106,1,
946684810,4001,2987,1,
946684810,4007,2912,1,
946684810,4012,3119,1,
946684810,4017,2989,1,
946684810,4024,2891,1,
946684810,4029,3132,1,
946684810,4035,2993,1,
946684811,4040,2875,1,
946684811,4045,3137,1,
946684811,4051,2997,1,
946684811,4056,2876,1,
946684811,4062,3140,1,
946684811,4068,3004,1,
946684811,4073,2866,1,
946684811,4079,3136,1,
946684811,4084,3000,1,
946684811,4089,2859,1,
946684811,4095,3144,1,
946684811,4100,3005,1,
946684811,4106,2847,1,
946684811,4112,3139,1,
946684811,4118,2994,1,
946684811,4123,2879,1,
946684811,4129,3137,1,
946684811,4134,2994,1,
946684811,4139,2873,1,
946684811,4145,3131,1,
946684811,4151,2998,1,
946684811,4156,2865,1,
946684811,4162,3130,1,
946684811,4167,3002,1,
946684811,4173,2853,1,
946684811,4178,3132,1,
946684811,4183,3007,1,
946684811,4190,2855,1,
946684811,4195,3125,1,
946684811,4200,3010,1,
946684811,4206,2854,1,
946684811,4211,3120,1,
946684811,4216,3010,1,
946684811,4222,2859,1,
946684811,4228,3113,1,
946684811,4234,3005,1,
946684811,4240,2864,1,
946684811,4245,3134,1,
946684811,4250,3005,1,
946684811,4256,2855,1,
946684811,4261,3130,1,
946684811,4267,3005,1,
946684811,4272,2853,1,
946684811,4278,3123,1,
946684811,4284,3009,1,
946684811,4289,2857,1,
946684811,4294,3119,1,
946684811,4300,3009,1,
946684811,4305,2860,1,
946684811,4311,3114,1,
946684811,4316,3010,1,
946684811,4322,2858,1,
946684811,4328,3111,1,
946684811,4333,3011,1,
946684811,4338,2870,1,
946684811,4344,3105,1,
946684811,4350,3011,1,
946684811,4355,2853,1,
946684811,4362,3122,1,
946684811,4367,3012,1,
946684811,4372,2855,1,
946684811,4378,3118,1,
946684811,4383,3009,1,
946684811,4388,2862,1,
946684811,4394,3115,1,
946684811,4399,3011,1,
946684811,4406,2862,1,
946684811,4411,3105,1,
946684811,4416,3014,1,
946684811,4422,2875,1,
946684811,4427,3096,1,
946684811,4432,3017,1,
946684811,4439,2874,1,
946684811,4446,3128,1,
946684811,4451,3000,1,
946684811,4456,2872,1,
946684811,4462,3132,1,
946684811,4468,3004,1,
946684811,4473,2915,1,
946684811,4479,3100,1,
946684811,4484,2992,1,
946684811,4490,2897,1,
946684811,4496,3112,1,
946684811,4501,2993,1,
946684811,4506,2883,1,
946684811,4512,3119,1,
946684811,4517,2998,1,
946684811,4523,2879,1,
946684811,4528,3133,1,
946684811,4534,2997,1,
946684811,4540,2873,1,
946684811,4545,3136,1,
946684811,4550,3003,1,
946684811,4556,2867,1,
946684811,4561,3138,1,
946684811,4567,3001,1,
946684811,4572,2853,1,
946684811,4578,3136,1,
946684811,4584,3006,1,
946684811,4590,2881,1,
946684811,4595,3129,1,
946684811,4601,2997,1,
946684811,4606,2876,1,
946684811,4611,3135,1,
946684811,4618,3000,1,
946684811,4623,2871,1,
946684811,4628,3133,1,
946684811,4634,3008,1,
946684811,4639,2858,1,
946684811,4644,3133,1,
946684811,4650,3007,1,
946684811,4655,2851,1,
946684811,4662,3123,1,
946684811,4667,3006,1,
946684811,4672,2855,1,
946684811,4678,3121,1,
946684811,4683,3009,1,
946684811,4688,2853,1,
946684811,4694,3114,1,
946684811,4699,3005,1,
946684811,4706,2862,1,
946684811,4712,3133,1,
946684811,4717,3000,1,
946684811,4722,2858,1,
946684811,4728,3131,1,
946684811,4733,3007,1,
946684811,4738,2849,1,
946684811,4745,3123,1,
946684811,4750,3008,1,
946684811,4756,2853,1,
946684811,4761,3118,1,
946684811,4766,3007,1,
946684811,4772,2857,1,
946684811,4777,3113,1,
946684811,4782,3009,1,
946684811,4789,2856,1,
946684811,4794,3110,1,
946684811,4800,3010,1,
946684811,4805,2867,1,
946684811,4810,3097,1,
946684811,4816,3012,1,
946684811,4822,2882,1,
946684811,4827,3118,1,
946684811,4834,3010,1,
946684811,4839,2857,1,
946684811,4844,3111,1,
946684811,4850,3008,1,
946684811,4855,2857,1,
946684811,4860,3113,1,
946684811,4866,3010,1,
946684811,4872,2853,1,
946684811,4877,3120,1,
946684811,4883,3009,1,
946684811,4888,2869,1,
946684811,4894,3104,1,
946684811,4899,3015,1,
946684811,4904,2891,1,
946684811,4910,3084,1,
946684811,4916,3018,1,
946684811,4921,2898,1,
946684811,4927,3077,1,
946684811,4932,3019,1,
946684811,4938,2905,1,
946684811,4944,3107,1,
946684811,4949,3011,1,
946684811,4954,2872,1,
946684811,4961,3092,1,
946684811,4966,3014,1,
946684811,4972,2885,1,
946684811,4977,3084,1,
946684811,4982,3018,1,
946684811,4988,2893,1,
946684811,4994,3129,1,
946684811,5001,3002,1,
946684811,5006,2864,1,
946684811,5012,3129,1,
946684811,5017,3002,1,
946684811,5022,2859,1,
946684811,5028,3127,1,
946684811,5033,3008,1,
946684811,5038,2851,1,
946684812,5045,3124,1,
946684812,5050,3010,1,
946684812,5056,2851,1,
946684812,5062,3124,1,
946684812,5067,2999,1,
946684812,5072,2869,1,
946684812,5078,3123,1,
946684812,5083,3003,1,
946684812,5090,2865,1,
946684812,5095,3127,1,
946684812,5100,3004,1,
946684812,5106,2853,1,
946684812,5111,3126,1,
946684812,5116,3006,1,
946684812,5122,2854,1,
946684812,5128,3119,1,
946684812,5133,3009,1,
946684812,5139,2854,1,
946684812,5144,3114,1,
946684812,5150,3008,1,
946684812,5155,2858,1,
946684812,5160,3108,1,
946684812,5166,3008,1,
946684812,5172,2858,1,
946684812,5178,3106,1,
946684812,5184,3005,1,
946684812,5189,2855,1,
946684812,5194,3124,1,
946684812,5200,3008,1,
946684812,5205,2852,1,
946684812,5210,3121,1,
946684812,5217,3008,1,
946684812,5222,2856,1,
946684812,5228,3111,1,
946684812,5233,3010,1,
946684812,5238,2857,1,
946684812,5244,3110,1,
946684812,5249,3007,1,
946684812,5254,2859,1,
946684812,5261,3106,1,
946684812,5266,3010,1,
946684812,5271,2864,1,
946684812,5277,3099,1,
946684812,5282,3012,1,
946684812,5288,2874,1,
946684812,5294,3088,1,
946684812,5300,3008,1,
946684812,5305,2856,1,
946684812,5311,3110,1,
946684812,5316,3012,1,
946684812,5322,2860,1,
946684812,5327,3105,1,
946684812,5332,3010,1,
946684812,5338,2862,1,
946684812,5344,3107,1,
946684812,5349,3012,1,
946684812,5355,2872,1,
946684812,5360,3095,1,
946684812,5366,3012,1,
946684812,5371,2888,1,
946684812,5376,3084,1,
946684812,5382,3015,1,
946684812,5388,2895,1,
946684812,5393,3077,1,
946684812,5399,3013,1,
946684812,5404,2898,1,
946684812,5409,3079,1,
946684812,5416,3008,1,
946684812,5421,2859,1,
946684812,5427,3104,1,
946684812,5433,3013,1,
946684812,5438,2872,1,
946684812,5443,3097,1,
946684812,5449,3014,1,
946684812,5454,2885,1,
946684812,5460,3086,1,
946684812,5465,3016,1,
946684812,5471,2897,1,
946684812,5477,3079,1,
946684812,5482,3014,1,
946684812,5487,2899,1,
946684812,5493,3076,1,
946684812,5498,3019,1,
946684812,5503,2905,1,
946684812,5509,3070,1,
946684812,5515,3021,1,
946684812,5521,2913,1,
946684812,5526,3060,1,
946684812,5532,3023,1,
946684812,5537,2886,1,
946684812,5543,3084,1,
946684812,5550,2997,1,
946684812,5556,2874,1,
946684812,5561,3129,1,
946684812,5567,3000,1,
946684812,5572,2870,1,
946684812,5578,3128,1,
946684812,5583,3004,1,
946684812,5588,2865,1,
946684812,5594,3127,1,
946684812,5600,3007,1,
946684812,5605,2853,1,
946684812,5611,3128,1,
946684812,5616,3009,1,
946684812,5621,2854,1,
946684812,5627,3120,1,
946684812,5632,3007,1,
946684812,5638,2857,1,
946684812,5644,3111,1,
946684812,5650,3011,1,
946684812,5655,2868,1,
946684812,5661,3124,1,
946684812,5666,3005,1,
946684812,5672,2863,1,
946684812,5677,3125,1,
946684812,5683,3006,1,
946684812,5689,2848,1,
946684812,5694,3124,1,
946684812,5699,3008,1,
946684812,5705,2855,1,
946684812,5710,3118,1,
946684812,5716,3013,1,
946684812,5721,2860,1,
946684812,5727,3108,1,
946684812,5733,3011,1,
946684812,5738,2862,1,
946684812,5743,3103,1,
946684812,5749,3012,1,
946684812,5754,2865,1,
946684812,5759,3104,1,
946684812,5765,3013,1,
946684812,5772,2854,1,
946684812,5777,3124,1,
946684812,5783,3011,1,
946684812,5788,2856,1,
946684812,5793,3116,1,
946684812,5799,3012,1,
946684812,5804,2859,1,
946684812,5811,3110,1,
946684812,5816,3011,1,
946684812,5821,2863,1,
946684812,5827,3108,1,
946684812,5832,3009,1,
946684812,5837,2864,1,
946684812,5843,3102,1,
946684812,5848,3014,1,
946684812,5854,2878,1,
946684812,5860,3090,1,
946684812,5865,3015,1,
946684812,5871,2888,1,
946684812,5876,3082,1,
946684812,5881,3016,1,
946684812,5887,2896,1,
946684812,5893,3108,1,
946684812,5899,3012,1,
946684812,5905,2859,1,
946684812,5910,3108,1,
946684812,5915,3010,1,
946684812,5921,2865,1,
946684812,5926,3099,1,
946684812,5931,3012,1,
946684812,5937,2877,1,
946684812,5943,3092,1,
946684812,5948,3014,1,
946684812,5954,2888,1,
946684812,5959,3086,1,
946684812,5965,3016,1,
946684812,5970,2891,1,
946684812,5975,3084,1,
946684812,5982,3020,1,
946684812,5987,2896,1,
946684812,5992,3082,1,
946684812,5998,3016,1,
946684812,6004,2903,1,
946684812,6009,3110,1,
946684812,6015,3017,1,
946684812,6020,2870,1,
946684812,6026,3106,1,
946684812,6032,3013,1,
946684812,6037,2880,1,
946684813,6043,3093,1,
946684813,6048,3014,1,
946684813,6053,2889,1,
946684813,6059,3087,1,
946684813,6064,3013,1,
946684813,6070,2898,1,
946684813,6076,3084,1,
946684813,6081,3020,1,
946684813,6087,2903,1,
946684813,6092,3079,1,
946684813,6097,3023,1,
