if found, contact efe@unc.edu
Firmware updated: 2021/11/16
OpenOBS SN:7

time,millis,R0,gain,temp
946684800,4,812,0,0.00
946684800,11,815,0,
946684800,16,823,0,
946684800,20,816,0,
946684800,26,828,0,
946684800,31,822,0,
946684800,36,818,0,
946684800,41,825,0,
946684800,46,827,0,
946684800,51,823,0,
946684800,56,836,0,
946684800,61,825,0,
946684800,67,836,0,
946684800,72,832,0,
946684800,77,826,0,
946684800,82,840,0,
946684800,87,829,0,
946684800,92,840,0,
946684800,97,840,0,
946684800,164,835,0,
946684801,169,843,0,
946684801,174,851,0,
946684801,179,848,0,
946684801,184,852,0,
946684801,189,854,0,
946684801,196,851,0,
946684801,201,857,0,
946684801,206,856,0,
946684801,211,856,0,
946684801,216,862,0,
946684801,221,857,0,
946684801,226,860,0,
946684801,231,866,0,
946684801,237,864,0,
946684801,242,867,0,
946684801,247,869,0,
946684801,252,868,0,
946684801,257,876,0,
946684801,262,868,0,
946684801,267,877,0,
946684801,272,878,0,
946684801,278,874,0,
946684801,283,882,0,
946684801,341,892,0,
946684801,346,891,0,
946684801,351,889,0,
946684801,356,895,0,
946684801,361,887,0,
946684801,367,889,0,
946684801,373,890,0,
946684801,378,884,0,
946684801,383,893,0,
946684801,388,892,0,
946684801,393,890,0,
946684801,398,892,0,
946684801,403,890,0,
946684801,409,890,0,
946684801,414,895,0,
946684801,419,893,0,
946684801,424,897,0,
946684801,429,901,0,
946684801,434,895,0,
946684801,439,906,0,
946684801,444,895,0,
946684801,450,898,0,
946684801,455,900,0,
946684801,511,901,0,
946684801,516,914,0,
946684801,521,914,0,
946684801,526,913,0,
946684801,531,922,0,
946684801,537,915,0,
946684801,543,916,0,
946684801,548,924,0,
946684801,553,913,0,
946684801,558,928,0,
946684801,563,926,0,
946684801,568,927,0,
946684801,573,935,0,
946684801,579,926,0,
946684801,584,931,0,
946684801,589,933,0,
946684801,594,925,0,
946684801,599,935,0,
946684801,604,931,0,
946684801,609,929,0,
946684801,614,944,0,
946684801,620,928,0,
946684801,625,929,0,
946684801,690,933,0,
946684801,695,926,0,
946684801,700,928,0,
946684801,706,933,0,
946684801,711,934,0,
946684801,716,934,0,
946684801,721,934,0,
946684801,726,931,0,
946684801,731,936,0,
946684801,736,931,0,
946684801,741,936,0,
946684801,749,993,1,
946684801,754,989,1,
946684801,759,988,1,
946684801,764,993,1,
946684801,769,982,1,
946684801,774,995,1,
946684801,779,993,1,
946684801,784,987,1,
946684801,790,990,1,
946684801,795,988,1,
946684801,800,994,1,
946684801,806,991,1,
946684801,880,985,1,
946684801,885,980,1,
946684801,890,984,1,
946684801,895,977,1,
946684801,900,979,1,
946684801,905,981,1,
946684801,910,973,1,
946684801,915,981,1,
946684801,921,978,1,
946684801,926,975,1,
946684801,931,981,1,
946684801,936,973,1,
946684801,941,977,1,
946684801,946,976,1,
946684801,952,970,1,
946684801,957,977,1,
946684801,963,977,1,
946684801,968,974,1,
946684801,973,976,1,
946684801,978,973,1,
946684801,983,976,1,
946684801,988,978,1,
946684801,993,971,1,
946684801,998,979,1,
946684801,1081,968,1,
946684801,1087,967,1,
946684801,1093,962,1,
946684801,1098,966,1,
946684802,1103,962,1,
946684802,1108,961,1,
946684802,1113,966,1,
946684802,1118,959,1,
946684802,1124,963,1,
946684802,1129,964,1,
946684802,1135,959,1,
946684802,1140,966,1,
946684802,1145,961,1,
946684802,1150,962,1,
946684802,1155,964,1,
946684802,1160,957,1,
946684802,1166,963,1,
946684802,1171,962,1,
946684802,1177,959,1,
946684802,1182,964,1,
946684802,1187,963,1,
946684802,1192,958,1,
946684802,1292,960,1,
946684802,1297,964,1,
946684802,1303,959,1,
946684802,1308,964,1,
946684802,1313,964,1,
946684802,1319,959,1,
946684802,1324,963,1,
946684802,1329,962,1,
946684802,1334,958,1,
946684802,1339,966,1,
946684802,1345,963,1,
946684802,1350,960,1,
946684802,1355,966,1,
946684802,1361,960,1,
946684802,1366,965,1,
946684802,1371,968,1,
946684802,1376,960,1,
946684802,1381,970,1,
946684802,1387,966,1,
946684802,1392,963,1,
946684802,1398,968,1,
946684802,1403,965,1,
946684802,1552,963,1,
946684802,1558,960,1,
946684802,1563,964,1,
946684802,1569,961,1,
946684802,1574,963,1,
946684802,1579,966,1,
946684802,1584,958,1,
946684802,1589,967,1,
946684802,1594,962,1,
946684802,1599,961,1,
946684802,1606,966,1,
946684802,1611,963,1,
946684802,1616,967,1,
946684802,1621,967,1,
946684802,1626,960,1,
946684802,1631,967,1,
946684802,1636,967,1,
946684802,1641,960,1,
946684802,1648,970,1,
946684802,1653,965,1,
946684802,1659,958,1,
946684802,1664,968,1,
946684802,1670,964,1,
946684802,1752,959,1,
946684802,1757,957,1,
946684802,1762,962,1,
946684802,1767,954,1,
946684802,1774,957,1,
946684802,1779,958,1,
946684802,1784,952,1,
946684802,1789,958,1,
946684802,1794,954,1,
946684802,1799,952,1,
946684802,1804,957,1,
946684802,1810,949,1,
946684802,1816,953,1,
946684802,1821,954,1,
946684802,1826,947,1,
946684802,1831,955,1,
946684802,1836,952,1,
946684802,1841,947,1,
946684802,1846,954,1,
946684802,1852,950,1,
946684802,1858,949,1,
946684802,1863,952,1,
946684802,1907,949,1,
946684802,1912,949,1,
946684802,1917,944,1,
946684802,1922,948,1,
946684802,1927,947,1,
946684802,1932,943,1,
946684802,1937,950,1,
946684802,1944,943,1,
946684802,1949,943,1,
946684802,1954,945,1,
946684802,1959,937,1,
946684802,1964,944,1,
946684802,1969,941,1,
946684802,1974,937,1,
946684802,1980,942,1,
946684802,1986,935,1,
946684802,1991,937,1,
946684802,1996,937,1,
946684802,2001,930,1,
946684802,2006,935,1,
946684802,2011,935,1,
946684802,2016,927,1,
946684802,2074,924,1,
946684802,2079,929,1,
946684802,2084,919,1,
946684802,2089,926,1,
946684802,2094,923,1,
946684802,2099,918,1,
946684803,2105,921,1,
946684803,2110,916,1,
946684803,2116,917,1,
946684803,2121,921,1,
946684803,2126,911,1,
946684803,2131,916,1,
946684803,2136,913,1,
946684803,2141,906,1,
946684803,2147,912,1,
946684803,2152,906,1,
946684803,2158,902,1,
946684803,2163,906,1,
946684803,2168,902,1,
946684803,2173,900,1,
946684803,2178,901,1,
946684803,2184,892,1,
946684803,2235,895,1,
946684803,2241,865,1,
946684803,2246,865,1,
946684803,2251,856,1,
946684803,2256,854,1,
946684803,2261,855,1,
946684803,2266,840,1,
946684803,2272,845,1,
946684803,2277,839,1,
946684803,2283,830,1,
946684803,2288,833,1,
946684803,2293,825,1,
946684803,2298,825,1,
946684803,2303,826,1,
946684803,2309,816,1,
946684803,2314,820,1,
946684803,2319,818,1,
946684803,2324,814,1,
946684803,2330,819,1,
946684803,2335,814,1,
946684803,2340,814,1,
946684803,2345,816,1,
946684803,2351,812,1,
946684803,2406,802,1,
946684803,2412,800,1,
946684803,2417,793,1,
946684803,2422,793,1,
946684803,2427,789,1,
946684803,2433,782,1,
946684803,2438,783,1,
946684803,2443,777,1,
946684803,2449,770,1,
946684803,2456,772,1,
946684803,2461,760,1,
946684803,2466,765,1,
946684803,2471,766,1,
946684803,2476,758,1,
946684803,2481,752,1,
946684803,2486,754,1,
946684803,2491,762,1,
946684803,2498,764,1,
946684803,2503,765,1,
946684803,2508,757,1,
946684803,2513,766,1,
946684803,2518,765,1,
946684803,2571,765,1,
946684803,2577,764,1,
946684803,2583,758,1,
946684803,2588,767,1,
946684803,2593,764,1,
946684803,2598,763,1,
946684803,2603,764,1,
946684803,2608,763,1,
946684803,2613,767,1,
946684803,2619,767,1,
946684803,2625,761,1,
946684803,2630,767,1,
946684803,2635,765,1,
946684803,2640,765,1,
946684803,2645,770,1,
946684803,2650,765,1,
946684803,2655,769,1,
946684803,2661,772,1,
946684803,2667,767,1,
946684803,2672,773,1,
946684803,2677,771,1,
946684803,2682,766,1,
946684803,2731,772,1,
946684803,2736,767,1,
946684803,2742,759,1,
946684803,2747,763,1,
946684803,2753,767,1,
946684803,2758,761,1,
946684803,2763,762,1,
946684803,2768,761,1,
946684803,2773,756,1,
946684803,2778,766,1,
946684803,2784,758,1,
946684803,2789,761,1,
946684803,2795,763,1,
946684803,2800,760,1,
946684803,2805,765,1,
946684803,2810,767,1,
946684803,2815,762,1,
946684803,2821,773,1,
946684803,2826,778,1,
946684803,2831,776,1,
946684803,2836,791,1,
946684803,2842,795,1,
946684803,2920,802,1,
946684803,2926,1194,1,
946684803,2931,1326,1,
946684803,2936,1515,1,
946684803,2942,1754,1,
946684803,2947,2081,1,
946684803,2952,2463,1,
946684803,2957,2921,1,
946684803,2962,3481,1,
946684803,2969,3896,1,
946684803,2974,3975,1,
946684803,2979,3849,1,
946684803,2984,3713,1,
946684803,2989,3522,1,
946684803,2994,3356,1,
946684803,3000,3156,1,
946684803,3005,2977,1,
946684803,3011,2837,1,
946684803,3016,2703,1,
946684803,3021,2630,1,
946684803,3027,2591,1,
946684803,3032,2582,1,
946684804,3170,1569,1,
946684804,3175,1554,1,
946684804,3181,1547,1,
946684804,3186,1538,1,
946684804,3192,1525,1,
946684804,3197,1519,1,
946684804,3202,1509,1,
946684804,3207,1485,1,
946684804,3212,1477,1,
946684804,3218,1466,1,
946684804,3224,1440,1,
946684804,3229,1431,1,
946684804,3234,1418,1,
946684804,3239,1401,1,
946684804,3245,1393,1,
946684804,3250,1382,1,
946684804,3255,1381,1,
946684804,3260,1383,1,
946684804,3266,1376,1,
946684804,3272,1389,1,
946684804,3278,1404,1,
946684804,3355,1627,1,
946684804,3360,1645,1,
946684804,3366,1652,1,
946684804,3371,1669,1,
946684804,3376,1680,1,
946684804,3381,1697,1,
946684804,3386,1731,1,
946684804,3391,1751,1,
946684804,3398,1771,1,
946684804,3403,1798,1,
946684804,3408,1813,1,
946684804,3413,1832,1,
946684804,3418,1856,1,
946684804,3424,1862,1,
946684804,3429,1883,1,
946684804,3435,1895,1,
946684804,3440,1899,1,
946684804,3445,1912,1,
946684804,3451,1916,1,
946684804,3456,1913,1,
946684804,3461,1927,1,
946684804,3504,1924,1,
946684804,3510,1989,1,
946684804,3515,1985,1,
946684804,3521,1994,1,
946684804,3526,1995,1,
946684804,3531,1993,1,
946684804,3537,1997,1,
946684804,3542,1995,1,
946684804,3547,1990,1,
946684804,3552,1990,1,
946684804,3557,1982,1,
946684804,3564,1979,1,
946684804,3569,1979,1,
946684804,3574,1975,1,
946684804,3579,1977,1,
946684804,3584,1985,1,
946684804,3589,1983,1,
946684804,3595,1997,1,
946684804,3600,2002,1,
946684804,3606,2005,1,
946684804,3611,2017,1,
946684804,3616,2019,1,
946684804,3676,2065,1,
946684804,3681,2063,1,
946684804,3686,2067,1,
946684804,3692,2069,1,
946684804,3698,2065,1,
946684804,3703,2074,1,
946684804,3708,2074,1,
946684804,3713,2076,1,
946684804,3718,2084,1,
946684804,3724,2082,1,
946684804,3729,2084,1,
946684804,3735,2086,1,
946684804,3740,2079,1,
946684804,3745,2080,1,
946684804,3751,2074,1,
946684804,3756,2065,1,
946684804,3761,2069,1,
946684804,3766,2062,1,
946684804,3771,2057,1,
946684804,3777,2060,1,
946684804,3783,2054,1,
946684804,3841,2004,1,
946684804,3846,1993,1,
946684804,3851,1992,1,
946684804,3856,1974,1,
946684804,3863,1970,1,
946684804,3868,1962,1,
946684804,3873,1949,1,
946684804,3878,1940,1,
946684804,3883,1934,1,
946684804,3889,1917,1,
946684804,3894,1914,1,
946684804,3899,1901,1,
946684804,3905,1889,1,
946684804,3910,1883,1,
946684804,3916,1870,1,
946684804,3921,1861,1,
946684804,3926,1855,1,
946684804,3931,1838,1,
946684804,3936,1834,1,
946684804,3942,1822,1,
946684804,3948,1806,1,
946684804,4002,1799,1,
946684804,4007,1658,1,
946684804,4012,1633,1,
946684804,4018,1613,1,
946684804,4023,1584,1,
946684804,4028,1563,1,
946684804,4034,1540,1,
946684804,4039,1510,1,
946684804,4045,1490,1,
946684804,4050,1465,1,
946684804,4055,1438,1,
946684804,4060,1424,1,
946684804,4065,1400,1,
946684804,4070,1378,1,
946684804,4078,1355,1,
946684804,4083,1335,1,
946684804,4089,1315,1,
946684804,4094,1304,1,
946684805,4099,1285,1,
946684805,4104,1267,1,
946684805,4109,1255,1,
946684805,4115,1235,1,
946684805,4172,1118,1,
946684805,4178,1121,1,
946684805,4183,1116,1,
946684805,4188,1109,1,
946684805,4193,1113,1,
946684805,4198,1110,1,
946684805,4205,1107,1,
946684805,4210,1110,1,
946684805,4215,1106,1,
946684805,4220,1105,1,
946684805,4225,1108,1,
946684805,4231,1102,1,
946684805,4236,1103,1,
946684805,4241,1102,1,
946684805,4247,1096,1,
946684805,4252,1101,1,
946684805,4258,1095,1,
946684805,4263,1090,1,
946684805,4268,1095,1,
946684805,4273,1089,1,
946684805,4278,1087,1,
946684805,4337,1074,1,
946684805,4342,1074,1,
946684805,4347,1070,1,
946684805,4352,1073,1,
946684805,4358,1071,1,
946684805,4363,1066,1,
946684805,4368,1071,1,
946684805,4374,1068,1,
946684805,4379,1062,1,
946684805,4385,1067,1,
946684805,4390,1063,1,
946684805,4395,1061,1,
946684805,4400,1063,1,
946684805,4405,1057,1,
946684805,4411,1059,1,
946684805,4417,1062,1,
946684805,4422,1057,1,
946684805,4427,1062,1,
946684805,4432,1062,1,
946684805,4438,1058,1,
946684805,4443,1065,1,
946684805,4496,1061,1,
946684805,4502,1056,1,
946684805,4507,1055,1,
946684805,4512,1050,1,
946684805,4518,1053,1,
946684805,4523,1047,1,
946684805,4528,1046,1,
946684805,4533,1048,1,
946684805,4538,1041,1,
946684805,4545,1043,1,
946684805,4550,1042,1,
946684805,4555,1035,1,
946684805,4560,1039,1,
946684805,4565,1036,1,
946684805,4571,1030,1,
946684805,4576,1035,1,
946684805,4581,1031,1,
946684805,4587,1025,1,
946684805,4592,1031,1,
946684805,4598,1022,1,
946684805,4603,1025,1,
946684805,4608,1024,1,
946684805,4665,1013,1,
946684805,4670,1011,1,
946684805,4676,1017,1,
946684805,4681,1011,1,
946684805,4687,1013,1,
946684805,4692,1013,1,
946684805,4697,1008,1,
946684805,4702,1011,1,
946684805,4707,1012,1,
946684805,4713,1007,1,
946684805,4719,1011,1,
946684805,4724,1012,1,
946684805,4729,1007,1,
946684805,4734,1013,1,
946684805,4740,1008,1,
946684805,4745,1008,1,
946684805,4750,1013,1,
946684805,4755,1008,1,
946684805,4761,1010,1,
946684805,4767,1015,1,
946684805,4772,1010,1,
946684805,4786,1012,1,
946684805,4792,1020,1,
946684805,4797,1017,1,
946684805,4803,1018,1,
946684805,4808,1021,1,
946684805,4813,1017,1,
946684805,4819,1024,1,
946684805,4825,1027,1,
946684805,4830,1025,1,
946684805,4836,1028,1,
946684805,4841,1034,1,
946684805,4847,1029,1,
946684805,4852,1035,1,
946684805,4857,1039,1,
946684805,4863,1037,1,
946684805,4868,1048,1,
946684805,4873,1050,1,
946684805,4878,1047,1,
946684805,4883,1058,1,
946684805,4890,1057,1,
946684805,4895,1059,1,
946684805,4936,1068,1,
946684805,4941,1067,1,
946684805,4946,1060,1,
946684805,4951,1064,1,
946684805,4957,1061,1,
946684805,4962,1056,1,
946684805,4967,1060,1,
946684805,4973,1055,1,
946684805,4978,1052,1,
946684805,4984,1053,1,
946684805,4989,1047,1,
946684805,4994,1046,1,
946684805,4999,1050,1,
946684805,5004,1042,1,
946684805,5010,1045,1,
946684805,5016,1046,1,
946684805,5021,1037,1,
946684805,5026,1042,1,
946684805,5031,1040,1,
946684805,5037,1036,1,
946684805,5042,1040,1,
946684805,5047,1037,1,
946684806,5106,1039,1,
946684806,5112,1034,1,
946684806,5117,1042,1,
946684806,5122,1037,1,
946684806,5127,1037,1,
946684806,5132,1043,1,
946684806,5138,1036,1,
946684806,5144,1041,1,
946684806,5149,1043,1,
946684806,5154,1040,1,
946684806,5159,1046,1,
946684806,5165,1048,1,
946684806,5170,1044,1,
946684806,5175,1053,1,
946684806,5180,1051,1,
946684806,5186,1051,1,
946684806,5192,1057,1,
946684806,5197,1055,1,
946684806,5202,1056,1,
946684806,5207,1062,1,
946684806,5212,1057,1,
946684806,5271,1054,1,
946684806,5276,1056,1,
946684806,5282,1056,1,
946684806,5287,1050,1,
946684806,5292,1054,1,
946684806,5297,1051,1,
946684806,5302,1047,1,
946684806,5307,1053,1,
946684806,5314,1052,1,
946684806,5319,1053,1,
946684806,5324,1056,1,
946684806,5329,1053,1,
946684806,5334,1058,1,
946684806,5340,1061,1,
946684806,5345,1061,1,
946684806,5350,1069,1,
946684806,5356,1070,1,
946684806,5361,1071,1,
946684806,5367,1078,1,
946684806,5372,1081,1,
946684806,5377,1087,1,
946684806,5441,1097,1,
946684806,5446,1228,1,
946684806,5451,1246,1,
946684806,5456,1268,1,
946684806,5461,1283,1,
946684806,5467,1307,1,
946684806,5472,1323,1,
946684806,5477,1342,1,
946684806,5483,1365,1,
946684806,5488,1378,1,
946684806,5494,1397,1,
946684806,5499,1417,1,
946684806,5504,1426,1,
946684806,5509,1443,1,
946684806,5514,1455,1,
946684806,5520,1461,1,
946684806,5526,1474,1,
946684806,5531,1484,1,
946684806,5536,1486,1,
946684806,5541,1499,1,
946684806,5547,1500,1,
946684806,5552,1505,1,
946684806,5613,1462,1,
946684806,5618,1459,1,
946684806,5623,1449,1,
946684806,5628,1440,1,
946684806,5634,1435,1,
946684806,5639,1431,1,
946684806,5644,1418,1,
946684806,5649,1419,1,
946684806,5655,1411,1,
946684806,5661,1407,1,
946684806,5666,1408,1,
946684806,5671,1401,1,
946684806,5676,1399,1,
946684806,5681,1400,1,
946684806,5687,1393,1,
946684806,5692,1396,1,
946684806,5698,1394,1,
946684806,5703,1389,1,
946684806,5708,1394,1,
946684806,5714,1391,1,
946684806,5719,1383,1,
946684806,5774,1339,1,
946684806,5779,1333,1,
946684806,5785,1328,1,
946684806,5790,1330,1,
946684806,5796,1320,1,
946684806,5801,1319,1,
946684806,5806,1319,1,
946684806,5811,1312,1,
946684806,5816,1315,1,
946684806,5821,1310,1,
946684806,5828,1307,1,
946684806,5833,1312,1,
946684806,5838,1308,1,
946684806,5843,1305,1,
946684806,5848,1311,1,
946684806,5854,1304,1,
946684806,5859,1305,1,
946684806,5864,1306,1,
946684806,5870,1301,1,
946684806,5875,1306,1,
946684806,5881,1302,1,
946684806,5933,1296,1,
946684806,5938,1289,1,
946684806,5944,1284,1,
946684806,5949,1289,1,
946684806,5955,1287,1,
946684806,5960,1285,1,
946684806,5965,1292,1,
946684806,5971,1288,1,
946684806,5976,1291,1,
946684806,5981,1295,1,
946684806,5986,1292,1,
946684806,5991,1295,1,
946684806,5998,1298,1,
946684806,6003,1293,1,
946684806,6008,1299,1,
946684806,6013,1295,1,
946684806,6018,1291,1,
946684806,6024,1293,1,
946684806,6029,1287,1,
946684806,6034,1281,1,
946684806,6040,1282,1,
946684806,6045,1272,1,
946684807,6101,1244,1,
946684807,6106,1246,1,
946684807,6111,1241,1,
946684807,6116,1240,1,
946684807,6123,1242,1,
946684807,6128,1232,1,
946684807,6133,1236,1,
946684807,6138,1233,1,
946684807,6143,1224,1,
946684807,6149,1227,1,
946684807,6154,1221,1,
946684807,6159,1216,1,
946684807,6164,1217,1,
946684807,6170,1213,1,
946684807,6176,1211,1,
946684807,6181,1212,1,
946684807,6186,1205,1,
946684807,6191,1212,1,
946684807,6196,1213,1,
946684807,6202,1207,1,
946684807,6207,1219,1,
946684807,6222,1230,1,
946684807,6227,1235,1,
946684807,6232,1242,1,
946684807,6237,1248,1,
946684807,6242,1254,1,
946684807,6248,1269,1,
946684807,6254,1271,1,
946684807,6259,1280,1,
946684807,6264,1291,1,
946684807,6269,1294,1,
946684807,6275,1308,1,
946684807,6280,1316,1,
946684807,6285,1318,1,
946684807,6290,1333,1,
946684807,6296,1340,1,
946684807,6303,1349,1,
946684807,6308,1359,1,
946684807,6313,1374,1,
946684807,6319,1374,1,
946684807,6324,1393,1,
946684807,6329,1398,1,
946684807,6353,1406,1,
946684807,6358,1451,1,
946684807,6363,1464,1,
946684807,6368,1462,1,
946684807,6374,1472,1,
946684807,6380,1477,1,
946684807,6385,1470,1,
946684807,6390,1477,1,
946684807,6395,1473,1,
946684807,6401,1469,1,
946684807,6406,1469,1,
946684807,6411,1457,1,
946684807,6416,1461,1,
946684807,6422,1458,1,
946684807,6428,1455,1,
946684807,6433,1454,1,
946684807,6438,1443,1,
946684807,6443,1435,1,
946684807,6448,1442,1,
946684807,6454,1435,1,
946684807,6459,1423,1,
946684807,6465,1429,1,
946684807,6471,1422,1,
946684807,6476,1423,1,
946684807,6481,1421,1,
946684807,6487,1415,1,
946684807,6492,1415,1,
946684807,6497,1416,1,
946684807,6502,1405,1,
946684807,6508,1412,1,
946684807,6514,1406,1,
946684807,6519,1396,1,
946684807,6524,1396,1,
946684807,6529,1390,1,
946684807,6534,1382,1,
946684807,6539,1380,1,
946684807,6545,1379,1,
946684807,6551,1365,1,
946684807,6556,1368,1,
946684807,6561,1358,1,
946684807,6566,1353,1,
946684807,6572,1352,1,
946684807,6577,1340,1,
946684807,6583,1333,1,
946684807,6588,1339,1,
946684807,6594,1327,1,
946684807,6599,1325,1,
946684807,6605,1325,1,
946684807,6610,1317,1,
946684807,6615,1319,1,
946684807,6620,1315,1,
946684807,6625,1304,1,
946684807,6631,1300,1,
946684807,6637,1298,1,
946684807,6642,1293,1,
946684807,6647,1294,1,
946684807,6652,1281,1,
946684807,6658,1286,1,
946684807,6663,1279,1,
946684807,6668,1270,1,
946684807,6673,1272,1,
946684807,6679,1268,1,
946684807,6685,1258,1,
946684807,6690,1259,1,
946684807,6696,1256,1,
946684807,6701,1249,1,
946684807,6706,1253,1,
946684807,6711,1249,1,
946684807,6716,1241,1,
946684807,6723,1246,1,
946684807,6728,1237,1,
946684807,6733,1229,1,
946684807,6738,1234,1,
946684807,6743,1228,1,
946684807,6749,1232,1,
946684807,6754,1223,1,
946684807,6759,1220,1,
946684807,6765,1219,1,
946684807,6770,1219,1,
946684807,6776,1216,1,
946684807,6781,1220,1,
946684807,6786,1215,1,
946684807,6791,1211,1,
946684807,6796,1215,1,
946684807,6802,1207,1,
946684807,6808,1209,1,
946684807,6814,1202,1,
946684807,6819,1202,1,
946684807,6824,1204,1,
946684807,6829,1196,1,
946684807,6834,1193,1,
946684807,6840,1200,1,
946684807,6845,1194,1,
946684807,6851,1179,1,
946684807,6858,1192,1,
946684807,6863,1184,1,
946684807,6868,1168,1,
946684807,6873,1175,1,
946684807,6879,1166,1,
946684807,6884,1163,1,
946684807,6889,1166,1,
946684807,6895,1155,1,
946684807,6900,1151,1,
946684807,6906,1150,1,
946684807,6911,1142,1,
946684807,6916,1142,1,
946684807,6921,1139,1,
946684807,6927,1125,1,
946684807,6932,1127,1,
946684807,6938,1129,1,
946684807,6944,1119,1,
946684807,6949,1122,1,
946684807,6954,1119,1,
946684807,6959,1111,1,
946684807,6964,1121,1,
946684807,6970,1114,1,
946684807,6975,1107,1,
946684807,6981,1102,1,
946684807,6986,1105,1,
946684807,6991,1105,1,
946684807,6997,1107,1,
946684807,7002,1095,1,
946684807,7007,1101,1,
946684807,7012,1100,1,
946684807,7017,1093,1,
946684807,7024,1104,1,
946684807,7029,1094,1,
946684807,7034,1092,1,
946684807,7040,1097,1,
946684807,7045,1092,1,
946684807,7050,1094,1,
946684807,7056,1092,1,
946684807,7062,1096,1,
946684807,7067,1092,1,
946684807,7072,1098,1,
946684807,7077,1095,1,
946684807,7083,1098,1,
946684807,7088,1099,1,
946684808,7093,1097,1,
946684808,7098,1108,1,
946684808,7103,1106,1,
946684808,7110,1100,1,
946684808,7115,1107,1,
946684808,7120,1109,1,
946684808,7125,1102,1,
946684808,7130,1113,1,
946684808,7136,1108,1,
946684808,7141,1112,1,
946684808,7147,1121,1,
946684808,7152,1116,1,
946684808,7158,1113,1,
946684808,7163,1124,1,
946684808,7168,1122,1,
946684808,7174,1132,1,
946684808,7179,1135,1,
946684808,7184,1137,1,
946684808,7190,1141,1,
946684808,7195,1147,1,
946684808,7201,1143,1,
946684808,7206,1158,1,
946684808,7211,1152,1,
946684808,7216,1157,1,
946684808,7221,1160,1,
946684808,7227,1159,1,
946684808,7233,1163,1,
946684808,7238,1169,1,
946684808,7243,1165,1,
946684808,7248,1167,1,
946684808,7254,1172,1,
946684808,7259,1171,1,
946684808,7264,1179,1,
946684808,7270,1178,1,
946684808,7276,1180,1,
946684808,7281,1189,1,
946684808,7286,1193,1,
946684808,7292,1194,1,
946684808,7297,1206,1,
946684808,7302,1207,1,
946684808,7307,1213,1,
946684808,7312,1223,1,
946684808,7319,1221,1,
946684808,7324,1228,1,
946684808,7329,1233,1,
946684808,7334,1229,1,
946684808,7339,1235,1,
946684808,7345,1233,1,
946684808,7350,1227,1,
946684808,7355,1235,1,
946684808,7361,1229,1,
946684808,7366,1224,1,
946684808,7372,1228,1,
946684808,7377,1222,1,
946684808,7383,1219,1,
946684808,7388,1220,1,
946684808,7395,1220,1,
946684808,7400,1213,1,
946684808,7406,1217,1,
946684808,7411,1214,1,
946684808,7416,1210,1,
946684808,7422,1215,1,
946684808,7427,1210,1,
946684808,7432,1207,1,
946684808,7437,1212,1,
946684808,7442,1205,1,
946684808,7449,1205,1,
946684808,7454,1204,1,
946684808,7459,1197,1,
946684808,7464,1199,1,
946684808,7469,1195,1,
946684808,7475,1187,1,
946684808,7480,1189,1,
946684808,7485,1183,1,
946684808,7491,1178,1,
946684808,7496,1180,1,
946684808,7502,1172,1,
946684808,7508,1169,1,
946684808,7513,1171,1,
946684808,7518,1164,1,
946684808,7523,1161,1,
946684808,7528,1162,1,
946684808,7535,1154,1,
946684808,7540,1153,1,
946684808,7545,1153,1,
946684808,7550,1143,1,
946684808,7555,1148,1,
946684808,7561,1143,1,
946684808,7566,1137,1,
946684808,7571,1141,1,
946684808,7577,1135,1,
946684808,7582,1136,1,
946684808,7588,1139,1,
946684808,7593,1133,1,
946684808,7598,1135,1,
946684808,7603,1138,1,
946684808,7608,1132,1,
946684808,7614,1133,1,
946684808,7620,1141,1,
946684808,7626,1135,1,
946684808,7631,1141,1,
946684808,7636,1142,1,
946684808,7641,1140,1,
946684808,7646,1145,1,
946684808,7652,1144,1,
946684808,7657,1141,1,
946684808,7663,1149,1,
946684808,7668,1142,1,
946684808,7673,1145,1,
946684808,7679,1149,1,
946684808,7684,1143,1,
946684808,7689,1148,1,
946684808,7694,1148,1,
946684808,7699,1144,1,
946684808,7706,1151,1,
946684808,7711,1150,1,
946684808,7716,1147,1,
946684808,7721,1154,1,
946684808,7727,1151,1,
946684808,7732,1149,1,
946684808,7737,1157,1,
946684808,7743,1157,1,
946684808,7749,1157,1,
946684808,7754,1163,1,
946684808,7759,1159,1,
946684808,7764,1164,1,
946684808,7770,1169,1,
946684808,7775,1163,1,
946684808,7780,1170,1,
946684808,7785,1170,1,
946684808,7791,1166,1,
946684808,7797,1174,1,
946684808,7802,1171,1,
946684808,7807,1171,1,
946684808,7812,1175,1,
946684808,7817,1171,1,
946684808,7823,1174,1,
946684808,7828,1176,1,
946684808,7834,1171,1,
946684808,7839,1176,1,
946684808,7845,1177,1,
946684808,7850,1174,1,
946684808,7856,1178,1,
946684808,7861,1182,1,
946684808,7866,1176,1,
946684808,7871,1182,1,
946684808,7877,1183,1,
946684808,7883,1180,1,
946684808,7888,1186,1,
946684808,7893,1183,1,
946684808,7898,1182,1,
946684808,7903,1189,1,
946684808,7909,1183,1,
946684808,7915,1185,1,
946684808,7920,1187,1,
946684808,7925,1181,1,
946684817,6,25,0,22.50
946684817,12,25,0,
946684817,17,27,0,
946684817,23,25,0,
946684817,28,22,0,
946684817,33,23,0,
946684817,39,23,0,
946684817,44,21,0,
946684817,49,22,0,
946684817,54,20,0,
946684817,59,19,0,
946684817,65,19,0,
946684817,70,18,0,
946684817,76,18,0,
946684817,81,17,0,
946684817,86,15,0,
946684817,91,14,0,
946684817,96,15,0,
946684817,101,15,0,
946684817,107,13,0,
946684817,112,13,0,
946684817,117,12,0,
946684817,122,13,0,
946684817,128,13,0,
946684817,133,14,0,
946684818,138,12,0,
946684818,143,13,0,
946684818,149,13,0,
946684818,154,12,0,
946684818,159,13,0,
946684818,165,15,0,
946684818,170,12,0,
946684818,176,13,0,
946684818,181,14,0,
946684818,186,13,0,
946684818,192,10,0,
946684818,197,11,0,
946684818,202,10,0,
946684818,208,12,0,
946684818,213,9,0,
946684818,218,9,0,
946684818,223,9,0,
946684818,228,7,0,
946684818,234,7,0,
946684818,239,5,0,
946684818,244,6,0,
946684818,249,5,0,
946684818,254,4,0,
946684818,259,4,0,
946684818,264,5,0,
946684818,269,4,0,
946684818,274,4,0,
946684818,281,4,0,
946684818,286,5,0,
946684818,291,4,0,
946684818,296,5,0,
946684818,302,5,0,
946684818,307,4,0,
946684818,312,4,0,
946684818,317,4,0,
946684818,323,3,0,
946684818,328,6,0,
946684818,333,5,0,
946684818,338,3,0,
946684818,343,4,0,
946684818,348,5,0,
946684818,353,4,0,
946684818,358,3,0,
946684818,364,4,0,
946684818,370,4,0,
946684818,375,5,0,
946684818,380,4,0,
946684818,385,7,0,
946684818,390,5,0,
946684818,395,5,0,
946684818,400,4,0,
946684818,406,4,0,
946684818,411,5,0,
946684818,416,5,0,
946684818,421,4,0,
946684818,426,4,0,
946684818,431,4,0,
946684818,437,3,0,
946684818,442,4,0,
946684818,448,3,0,
946684818,453,4,0,
946684818,458,4,0,
946684818,464,5,0,
946684818,469,5,0,
946684818,474,4,0,
946684818,479,4,0,
946684818,484,5,0,
946684818,490,4,0,
946684818,495,4,0,
946684818,500,4,0,
946684818,505,4,0,
946684818,510,5,0,
946684818,515,5,0,
946684818,520,4,0,
946684818,525,5,0,
946684818,533,15322,1,
946684818,538,15314,1,
946684818,544,15290,1,
946684818,549,15265,1,
946684818,554,15245,1,
946684818,560,15229,1,
946684818,566,15075,1,
946684818,571,15196,1,
946684818,578,15177,1,
946684818,583,15162,1,
946684818,588,15135,1,
946684818,594,15108,1,
946684818,599,15075,1,
946684818,604,15040,1,
946684818,610,15012,1,
946684818,615,14982,1,
946684818,622,14953,1,
946684818,627,14914,1,
946684818,632,14879,1,
946684818,638,14844,1,
946684818,643,14802,1,
946684818,648,14765,1,
946684818,654,14733,1,
946684818,659,14702,1,
946684818,666,14667,1,
946684818,671,14640,1,
946684818,676,14613,1,
946684818,682,14589,1,
946684818,688,14567,1,
946684818,693,14558,1,
946684818,698,14542,1,
946684818,705,14516,1,
946684818,710,14509,1,
946684818,716,14505,1,
946684818,721,14509,1,
946684818,726,14509,1,
946684818,732,14512,1,
946684818,737,14512,1,
946684818,742,14516,1,
946684818,749,14513,1,
946684818,754,14510,1,
946684818,760,14508,1,
946684818,765,14508,1,
946684818,770,14508,1,
946684818,776,14506,1,
946684818,781,14505,1,
946684818,786,14508,1,
946684818,793,14508,1,
946684818,798,14511,1,
946684818,804,14441,1,
946684818,810,14525,1,
946684818,815,14535,1,
946684818,820,14543,1,
946684818,826,14551,1,
946684818,832,14562,1,
946684818,837,14567,1,
946684818,843,14577,1,
946684818,848,14587,1,
946684818,854,14599,1,
946684818,859,14612,1,
946684818,864,14626,1,
946684818,870,14640,1,
946684818,876,14657,1,
946684818,881,14681,1,
946684818,887,14704,1,
946684818,892,14730,1,
946684818,898,14765,1,
946684818,903,14802,1,
946684818,908,14845,1,
946684818,914,14893,1,
946684818,921,14809,1,
946684818,926,14986,1,
946684818,931,15021,1,
946684818,937,15060,1,
946684818,942,15098,1,
946684818,948,15143,1,
946684818,953,15182,1,
946684818,959,15214,1,
946684818,965,15243,1,
946684818,970,15269,1,
946684818,975,15305,1,
946684818,981,15341,1,
946684818,986,15374,1,
946684818,992,15406,1,
946684818,997,15427,1,
946684818,1003,15439,1,
946684818,1009,15445,1,
946684818,1014,15440,1,
946684818,1020,15422,1,
946684818,1025,15403,1,
946684818,1030,15379,1,
946684818,1037,15359,1,
946684818,1042,15335,1,
946684818,1049,15311,1,
946684818,1054,15286,1,
946684818,1059,15264,1,
946684818,1065,15244,1,
946684818,1070,15228,1,
946684818,1076,15220,1,
946684818,1081,15217,1,
946684818,1089,15221,1,
946684818,1095,15228,1,
946684818,1100,15242,1,
946684818,1105,15263,1,
946684818,1111,15280,1,
946684818,1116,15303,1,
946684818,1122,15321,1,
946684818,1127,15341,1,
946684819,1134,15363,1,
946684819,1139,15388,1,
946684819,1145,15414,1,
946684819,1150,15442,1,
946684819,1156,15444,1,
946684819,1162,15527,1,
946684819,1167,15576,1,
946684819,1174,15623,1,
946684819,1179,15685,1,
946684819,1184,15743,1,
946684819,1190,15813,1,
946684819,1195,15880,1,
946684819,1201,15943,1,
946684819,1206,15999,1,
946684819,1212,16047,1,
946684819,1218,16088,1,
946684819,1223,16123,1,
946684819,1229,16148,1,
946684819,1234,16163,1,
946684819,1240,16173,1,
946684819,1245,16182,1,
946684819,1251,16185,1,
946684819,1256,16189,1,
946684819,1263,16188,1,
946684819,1269,16035,1,
946684819,1274,16186,1,
946684819,1280,16191,1,
946684819,1285,16198,1,
946684819,1290,16216,1,
946684819,1296,16235,1,
946684819,1302,16259,1,
946684819,1308,16286,1,
946684819,1313,16324,1,
946684819,1319,16353,1,
946684819,1324,16379,1,
946684819,1330,16400,1,
946684819,1335,16416,1,
946684819,1340,16429,1,
946684819,1347,16434,1,
946684819,1352,16434,1,
946684819,1358,16427,1,
946684819,1363,16419,1,
946684819,1369,16409,1,
946684819,1374,16399,1,
946684819,1380,16380,1,
946684819,1387,16314,1,
946684819,1392,16333,1,
946684819,1398,16318,1,
946684819,1403,16307,1,
946684819,1409,16302,1,
946684819,1414,16306,1,
946684819,1419,16327,1,
946684819,1425,16339,1,
946684819,1431,16356,1,
946684819,1437,16368,1,
946684819,1442,16378,1,
946684819,1448,16386,1,
946684819,1453,16382,1,
946684819,1458,16383,1,
946684819,1464,16382,1,
946684819,1469,16387,1,
946684819,1476,16400,1,
946684819,1481,16430,1,
946684819,1487,16476,1,
946684819,1492,16536,1,
946684819,1498,16496,1,
946684819,1504,16743,1,
946684819,1509,16852,1,
946684819,1516,16957,1,
946684819,1521,17068,1,
946684819,1526,17192,1,
946684819,1532,17310,1,
946684819,1537,17420,1,
946684819,1543,17510,1,
946684819,1548,17623,1,
946684819,1554,17733,1,
946684819,1560,17832,1,
946684819,1566,17948,1,
946684819,1571,18063,1,
946684819,1576,18165,1,
946684819,1582,18255,1,
946684819,1587,18323,1,
946684819,1593,18382,1,
946684819,1599,18427,1,
946684819,1605,18452,1,
946684819,1610,18481,1,
946684819,1622,18485,1,
946684819,1627,18548,1,
946684819,1632,18570,1,
946684819,1638,18593,1,
946684819,1644,18616,1,
946684819,1650,18646,1,
946684819,1657,18681,1,
946684819,1662,18695,1,
946684819,1667,18698,1,
946684819,1673,18694,1,
946684819,1678,18682,1,
946684819,1685,18660,1,
946684819,1690,18632,1,
946684819,1696,18603,1,
946684819,1701,18569,1,
946684819,1706,18532,1,
946684819,1712,18505,1,
946684819,1717,18473,1,
946684819,1723,18437,1,
946684819,1729,18393,1,
946684819,1735,18242,1,
946684819,1741,18335,1,
946684819,1746,18313,1,
946684819,1752,18296,1,
946684819,1757,18285,1,
946684819,1762,18286,1,
946684819,1768,18299,1,
946684819,1774,18312,1,
946684819,1780,18332,1,
946684819,1785,18364,1,
946684819,1791,18400,1,
946684819,1796,18444,1,
946684819,1802,18486,1,
946684819,1807,18554,1,
946684819,1813,18633,1,
946684819,1819,18703,1,
946684819,1824,18782,1,
946684819,1830,18863,1,
946684819,1835,18962,1,
946684819,1841,19070,1,
946684819,1847,19161,1,
946684819,1852,19293,1,
946684819,1859,19399,1,
946684819,1864,19494,1,
946684819,1870,19611,1,
946684819,1875,19733,1,
946684819,1881,19854,1,
946684819,1886,19979,1,
946684819,1891,20086,1,
946684819,1898,20191,1,
946684819,1903,20281,1,
946684819,1909,20386,1,
946684819,1914,20483,1,
946684819,1920,20576,1,
946684819,1925,20671,1,
946684819,1930,20776,1,
946684819,1936,20898,1,
946684819,1942,21049,1,
946684819,1948,21199,1,
946684819,1953,21345,1,
946684819,1959,21465,1,
946684819,1965,21464,1,
946684819,1970,21726,1,
946684819,1976,21832,1,
946684819,1981,21954,1,
946684819,1988,22067,1,
946684819,1993,22155,1,
946684819,1998,22233,1,
946684819,2004,22305,1,
946684819,2009,22366,1,
946684819,2015,22434,1,
946684819,2020,22508,1,
946684819,2027,22596,1,
946684819,2032,22683,1,
946684819,2038,22772,1,
946684819,2043,22885,1,
946684819,2048,22998,1,
946684819,2054,23120,1,
946684819,2059,23241,1,
946684819,2065,23366,1,
946684819,2071,23490,1,
946684819,2077,23568,1,
946684819,2083,23666,1,
946684819,2088,23766,1,
946684819,2094,23859,1,
946684819,2099,23933,1,
946684819,2105,24017,1,
946684819,2111,24089,1,
946684819,2116,24154,1,
946684819,2122,24237,1,
946684819,2127,24319,1,
946684820,2133,24396,1,
946684820,2138,24476,1,
946684820,2144,24563,1,
946684820,2149,24655,1,
946684820,2156,24735,1,
946684820,2161,24808,1,
946684820,2166,24871,1,
946684820,2172,24915,1,
946684820,2177,24941,1,
946684820,2183,24964,1,
946684820,2188,25003,1,
946684820,2194,24889,1,
946684820,2201,25118,1,
946684820,2206,25185,1,
946684820,2212,25278,1,
946684820,2219,25415,1,
946684820,2224,25523,1,
946684820,2230,25602,1,
946684820,2235,25677,1,
946684820,2241,25758,1,
946684820,2247,25837,1,
946684820,2252,25912,1,
946684820,2258,26007,1,
946684820,2263,26147,1,
946684820,2269,26292,1,
946684820,2274,26426,1,
946684820,2280,26540,1,
946684820,2286,26627,1,
946684820,2291,26726,1,
946684820,2297,26826,1,
946684820,2302,26895,1,
946684820,2309,26942,1,
946684820,2314,26995,1,
946684820,2319,27039,1,
946684820,2326,27094,1,
946684820,2331,27187,1,
946684820,2337,27315,1,
946684820,2342,27405,1,
946684820,2348,27512,1,
946684820,2353,27625,1,
946684820,2358,27696,1,
946684820,2364,27764,1,
946684820,2370,27822,1,
946684820,2376,27931,1,
946684820,2381,28053,1,
946684820,2387,28225,1,
946684820,2392,28446,1,
946684820,2398,28660,1,
946684820,2403,28904,1,
946684820,2408,29154,1,
946684820,2415,29442,1,
946684820,2420,29708,1,
946684820,2427,29808,1,
946684820,2432,30244,1,
946684820,2437,30498,1,
946684820,2443,30714,1,
946684820,2448,30942,1,
946684820,2455,31208,1,
946684820,2460,31405,1,
946684820,2466,31607,1,
946684820,2471,31822,1,
946684820,2476,31997,1,
946684820,2482,32181,1,
946684820,2487,32335,1,
946684820,2493,32483,1,
946684820,2499,32552,1,
946684820,2505,32627,1,
946684820,2510,32707,1,
946684820,2516,32762,1,
946684820,2521,32767,1,
946684820,2526,32767,1,
946684820,2532,32767,1,
946684820,2539,32767,1,
946684820,2545,32767,1,
946684820,2550,32767,1,
946684820,2555,32767,1,
946684820,2561,32767,1,
946684820,2566,32767,1,
946684820,2572,32767,1,
946684820,2577,32767,1,
946684820,2584,32767,1,
946684820,2589,32750,1,
946684820,2594,32681,1,
946684820,2600,32596,1,
946684820,2605,32499,1,
946684820,2611,32409,1,
946684820,2616,32313,1,
946684820,2623,32225,1,
946684820,2628,32138,1,
946684820,2634,32049,1,
946684820,2639,31980,1,
946684820,2644,31897,1,
946684820,2650,31828,1,
946684820,2656,31551,1,
946684820,2662,31690,1,
946684820,2668,31644,1,
946684820,2673,31591,1,
946684820,2679,31541,1,
946684820,2684,31507,1,
946684820,2690,31463,1,
946684820,2695,31428,1,
946684820,2701,31398,1,
946684820,2706,31362,1,
946684820,2712,31314,1,
946684820,2718,31246,1,
946684820,2723,31162,1,
946684820,2729,31079,1,
946684820,2734,30979,1,
946684820,2740,30866,1,
946684820,2745,30739,1,
946684820,2752,30613,1,
946684820,2757,30494,1,
946684820,2762,30382,1,
946684820,2769,30215,1,
946684820,2774,30004,1,
946684820,2781,29700,1,
946684820,2786,29538,1,
946684820,2792,29448,1,
946684820,2798,29362,1,
946684820,2804,29300,1,
946684820,2809,29248,1,
946684820,2815,29216,1,
946684820,2820,29172,1,
946684820,2826,29063,1,
946684820,2831,28944,1,
946684820,2837,28828,1,
946684820,2843,28718,1,
946684820,2848,28603,1,
946684820,2854,28481,1,
946684820,2859,28379,1,
946684820,2865,28320,1,
946684820,2870,28291,1,
946684820,2876,28267,1,
946684820,2882,28255,1,
946684820,2888,28090,1,
946684820,2894,28235,1,
946684820,2899,28219,1,
946684820,2905,28181,1,
946684820,2910,28130,1,
946684820,2915,28069,1,
946684820,2922,27997,1,
946684820,2927,27910,1,
946684820,2933,27822,1,
946684820,2938,27723,1,
946684820,2944,27604,1,
946684820,2949,27511,1,
946684820,2954,27438,1,
946684820,2960,27377,1,
946684820,2966,27306,1,
946684820,2972,27237,1,
946684820,2977,27161,1,
946684820,2983,27062,1,
946684820,2988,26987,1,
946684820,2994,26930,1,
946684820,3000,26845,1,
946684820,3005,26762,1,
946684820,3012,26685,1,
946684820,3017,26626,1,
946684820,3023,26577,1,
946684820,3028,26533,1,
946684820,3033,26494,1,
946684820,3039,26452,1,
946684820,3044,26400,1,
946684820,3051,26324,1,
946684820,3056,26231,1,
946684820,3062,26097,1,
946684820,3067,25993,1,
946684820,3072,25894,1,
946684820,3078,25774,1,
946684820,3083,25642,1,
946684820,3089,25527,1,
946684820,3095,25402,1,
946684820,3101,25293,1,
946684820,3106,25203,1,
946684820,3112,25138,1,
946684820,3118,24947,1,
946684820,3123,25021,1,
946684821,3129,24975,1,
946684821,3135,24956,1,
946684821,3141,24958,1,
946684821,3146,24965,1,
946684821,3151,24983,1,
946684821,3157,25018,1,
946684821,3162,25055,1,
946684821,3168,25101,1,
946684821,3173,25150,1,
946684821,3180,25199,1,
946684821,3185,25244,1,
946684821,3190,25279,1,
946684821,3196,25315,1,
946684821,3201,25341,1,
946684821,3207,25366,1,
946684821,3212,25365,1,
946684821,3218,25347,1,
946684821,3224,25322,1,
946684821,3230,25292,1,
946684821,3236,25266,1,
946684821,3241,25230,1,
946684821,3247,25182,1,
946684821,3252,25120,1,
946684821,3258,25036,1,
946684821,3264,24935,1,
946684821,3269,24825,1,
946684821,3275,24715,1,
946684821,3280,24597,1,
946684821,3286,24491,1,
946684821,3291,24371,1,
946684821,3297,24259,1,
946684821,3302,24172,1,
946684821,3308,24115,1,
946684821,3314,24054,1,
946684821,3319,24008,1,
946684821,3325,23971,1,
946684821,3330,23949,1,
946684821,3336,23931,1,
946684821,3343,23906,1,
946684821,3350,23748,1,
946684821,3355,23839,1,
946684821,3361,23816,1,
946684821,3366,23791,1,
946684821,3372,23764,1,
946684821,3377,23745,1,
946684821,3382,23735,1,
946684821,3388,23721,1,
946684821,3394,23704,1,
946684821,3400,23691,1,
946684821,3405,23678,1,
946684821,3411,23655,1,
946684821,3416,23629,1,
946684821,3422,23596,1,
946684821,3427,23559,1,
946684821,3432,23525,1,
946684821,3439,23493,1,
946684821,3444,23453,1,
946684821,3450,23428,1,
946684821,3455,23402,1,
946684821,3461,23385,1,
946684821,3467,23381,1,
946684821,3472,23373,1,
946684821,3479,23368,1,
946684821,3484,23361,1,
946684821,3490,23363,1,
946684821,3495,23367,1,
946684821,3500,23366,1,
946684821,3506,23365,1,
946684821,3511,23370,1,
946684821,3517,23376,1,
946684821,3523,23376,1,
946684821,3529,23381,1,
946684821,3534,23381,1,
946684821,3540,23379,1,
946684821,3545,23378,1,
946684821,3550,23370,1,
946684821,3556,23363,1,
946684821,3562,23351,1,
946684821,3568,23337,1,
946684821,3573,23320,1,
946684821,3579,23216,1,
946684821,3585,23294,1,
946684821,3590,23288,1,
946684821,3596,23280,1,
946684821,3601,23260,1,
946684821,3608,23233,1,
946684821,3613,23198,1,
946684821,3619,23157,1,
946684821,3624,23102,1,
946684821,3629,23036,1,
946684821,3635,22952,1,
946684821,3640,22868,1,
946684821,3647,22824,1,
946684821,3652,22802,1,
946684821,3658,22790,1,
946684821,3663,22795,1,
946684821,3668,22804,1,
946684821,3674,22808,1,
946684821,3679,22810,1,
946684821,3685,22810,1,
946684821,3692,22817,1,
946684821,3697,22832,1,
946684821,3703,22842,1,
946684821,3708,22856,1,
946684821,3714,22873,1,
946684821,3719,22900,1,
946684821,3725,22939,1,
946684821,3730,22986,1,
946684821,3736,23030,1,
946684821,3742,23073,1,
946684821,3747,23101,1,
946684821,3753,23112,1,
946684821,3758,23116,1,
946684821,3764,23116,1,
946684821,3769,23117,1,
946684821,3776,23127,1,
946684821,3781,23134,1,
946684821,3786,23150,1,
946684821,3792,23167,1,
946684821,3797,23196,1,
946684821,3803,23223,1,
946684821,3809,23186,1,
946684821,3814,23297,1,
946684821,3821,23334,1,
946684821,3826,23378,1,
946684821,3832,23424,1,
946684821,3837,23479,1,
946684821,3843,23538,1,
946684821,3848,23600,1,
946684821,3853,23658,1,
946684821,3859,23710,1,
946684821,3865,23751,1,
946684821,3871,23803,1,
946684821,3876,23831,1,
946684821,3882,23839,1,
946684821,3887,23818,1,
946684821,3893,23784,1,
946684821,3898,23743,1,
946684821,3906,23673,1,
946684821,3911,23592,1,
946684821,3917,23514,1,
946684821,3923,23425,1,
946684821,3928,23316,1,
946684821,3934,23211,1,
946684821,3939,23108,1,
946684821,3946,23016,1,
946684821,3951,22927,1,
946684821,3957,22829,1,
946684821,3962,22744,1,
946684821,3968,22614,1,
946684821,3973,22520,1,
946684821,3978,22448,1,
946684821,3984,22391,1,
946684821,3990,22357,1,
946684821,3996,22320,1,
946684821,4001,22287,1,
946684821,4007,22264,1,
946684821,4012,22247,1,
946684821,4018,22241,1,
946684821,4023,22235,1,
946684821,4028,22235,1,
946684821,4035,22248,1,
946684821,4041,22209,1,
946684821,4047,22286,1,
946684821,4052,22315,1,
946684821,4057,22340,1,
946684821,4063,22365,1,
946684821,4068,22391,1,
946684821,4075,22416,1,
946684821,4080,22454,1,
946684821,4086,22493,1,
946684821,4091,22538,1,
946684821,4096,22585,1,
946684821,4102,22645,1,
946684821,4107,22684,1,
946684821,4113,22732,1,
946684821,4119,22786,1,
946684821,4125,22836,1,
946684822,4130,22887,1,
946684822,4136,22942,1,
946684822,4141,22999,1,
946684822,4146,23049,1,
946684822,4153,22890,1,
946684822,4159,23168,1,
946684822,4165,23227,1,
946684822,4170,23284,1,
946684822,4175,23338,1,
946684822,4181,23375,1,
946684822,4186,23416,1,
946684822,4192,23463,1,
946684822,4197,23487,1,
946684822,4204,23504,1,
946684822,4209,23526,1,
946684822,4214,23541,1,
946684822,4220,23567,1,
946684822,4225,23594,1,
946684822,4231,23621,1,
946684822,4236,23664,1,
946684822,4242,23730,1,
946684822,4248,23807,1,
946684822,4254,23867,1,
946684822,4259,23930,1,
946684822,4264,24001,1,
946684822,4271,24033,1,
946684822,4276,24182,1,
946684822,4282,24253,1,
946684822,4288,24328,1,
946684822,4293,24417,1,
946684822,4299,24535,1,
946684822,4304,24668,1,
946684822,4310,24784,1,
946684822,4315,24921,1,
946684822,4321,25060,1,
946684822,4326,25193,1,
946684822,4332,25347,1,
946684822,4338,25458,1,
946684822,4343,25614,1,
946684822,4349,25807,1,
946684822,4354,25942,1,
946684822,4360,26081,1,
946684822,4365,26165,1,
946684822,4371,26212,1,
946684822,4377,26242,1,
946684822,4383,26023,1,
946684822,4389,26244,1,
946684822,4394,26234,1,
946684822,4400,26226,1,
946684822,4405,26224,1,
946684822,4410,26236,1,
946684822,4417,26249,1,
946684822,4422,26281,1,
946684822,4428,26312,1,
946684822,4433,26361,1,
946684822,4439,26427,1,
946684822,4444,26524,1,
946684822,4449,26634,1,
946684822,4455,26768,1,
946684822,4461,26883,1,
946684822,4468,27015,1,
946684822,4474,27124,1,
946684822,4479,27290,1,
946684822,4485,27497,1,
946684822,4490,27751,1,
946684822,4496,28066,1,
946684822,4503,28426,1,
946684822,4508,28864,1,
946684822,4514,29296,1,
946684822,4519,29758,1,
946684822,4524,30264,1,
946684822,4530,30826,1,
946684822,4535,31466,1,
946684822,4541,32220,1,
946684822,4547,32767,1,
946684822,4553,32767,1,
946684822,4558,32767,1,
946684822,4564,32767,1,
946684822,4569,32767,1,
946684822,4574,32767,1,
946684822,4580,32767,1,
946684822,4586,32767,1,
946684822,4592,32767,1,
946684822,4597,32767,1,
946684822,4603,32767,1,
946684822,4608,32767,1,
946684822,4614,32767,1,
946684822,4620,32767,1,
946684822,4625,32767,1,
946684822,4632,32767,1,
946684822,4637,32767,1,
946684822,4643,32767,1,
946684822,4648,32767,1,
946684822,4653,32767,1,
946684822,4659,32767,1,
946684822,4664,32767,1,
946684822,4671,32767,1,
946684822,4676,32767,1,
946684822,4682,32767,1,
946684822,4687,32767,1,
946684822,4692,32767,1,
946684822,4698,32767,1,
946684822,4703,32767,1,
946684822,4709,32767,1,
946684822,4715,32767,1,
946684822,4721,32767,1,
946684822,4727,32767,1,
946684822,4732,32767,1,
946684822,4738,32767,1,
946684822,4743,32767,1,
946684822,4749,32767,1,
946684822,4754,32767,1,
946684822,4761,32767,1,
946684822,4766,32767,1,
946684822,4771,32767,1,
946684822,4777,32767,1,
946684822,4782,32767,1,
946684822,4788,32767,1,
946684822,4793,32767,1,
946684822,4800,32767,1,
946684822,4805,32767,1,
946684822,4810,32767,1,
946684822,4816,32767,1,
946684822,4821,32767,1,
946684822,4827,32767,1,
946684822,4832,32767,1,
946684822,4838,32767,1,
946684822,4845,32767,1,
946684822,4850,32767,1,
946684822,4856,32767,1,
946684822,4861,32767,1,
946684822,4867,32767,1,
946684822,4872,32767,1,
946684822,4878,32767,1,
946684822,4883,32767,1,
946684822,4889,32767,1,
946684822,4895,32767,1,
946684822,4900,32767,1,
946684822,4906,32767,1,
946684822,4911,32767,1,
946684822,4917,32767,1,
946684822,4922,31610,1,
946684822,4928,29580,1,
946684822,4934,27662,1,
946684822,4939,25834,1,
946684822,4945,24126,1,
946684822,4950,22542,1,
946684822,4956,21052,1,
946684822,4962,19494,1,
946684822,4967,18233,1,
946684822,4974,17060,1,
946684822,4979,15970,1,
946684822,4985,14974,1,
946684822,4990,14045,1,
946684822,4996,13183,1,
946684822,5001,12393,1,
946684822,5006,11651,1,
946684822,5013,10964,1,
946684822,5018,10335,1,
946684822,5024,9744,1,
946684822,5031,9060,1,
946684822,5036,8575,1,
946684822,5041,8131,1,
946684822,5047,7715,1,
946684822,5052,7345,1,
946684822,5058,7009,1,
946684822,5064,6695,1,
946684822,5069,6418,1,
946684822,5075,6166,1,
946684822,5081,5906,1,
946684822,5086,5701,1,
946684822,5091,5520,1,
946684822,5098,5343,1,
946684822,5103,5180,1,
946684822,5108,5029,1,
946684822,5114,4871,1,
946684822,5119,4719,1,
946684822,5125,4565,1,
946684823,5130,4402,1,
946684823,5135,4249,1,
946684823,5142,4105,1,
946684823,5147,3958,1,
946684823,5152,3832,1,
946684823,5158,3713,1,
946684823,5163,3593,1,
946684823,5169,3492,1,
946684823,5174,3396,1,
946684823,5179,3301,1,
946684823,5186,3228,1,
946684823,5191,3159,1,
946684823,5197,3073,1,
946684823,5203,3034,1,
946684823,5208,2989,1,
946684823,5213,2944,1,
946684823,5219,2917,1,
946684823,5224,2904,1,
946684823,5230,2879,1,
946684823,5236,2851,1,
946684823,5241,2819,1,
946684823,5246,2777,1,
946684823,5252,2745,1,
946684823,5257,2715,1,
946684823,5263,2676,1,
946684823,5269,2656,1,
946684823,5274,2638,1,
946684823,5280,2611,1,
946684823,5285,2603,1,
946684823,5290,2597,1,
946684823,5296,2585,1,
946684823,5301,2590,1,
946684823,5307,2592,1,
946684823,5314,2579,1,
946684823,5319,2603,1,
946684823,5324,2615,1,
946684823,5330,2618,1,
946684823,5335,2630,1,
946684823,5340,2642,1,
946684823,5346,2643,1,
946684823,5351,2653,1,
946684823,5358,2664,1,
946684823,5363,2666,1,
946684823,5368,2680,1,
946684823,5374,2692,1,
946684823,5379,2696,1,
946684823,5384,2713,1,
946684823,5390,2727,1,
946684823,5395,2732,1,
946684823,5402,2748,1,
946684823,5407,2759,1,
946684823,5412,2761,1,
946684823,5418,2776,1,
946684823,5423,2783,1,
946684823,5429,2785,1,
946684823,5434,2795,1,
946684823,5441,2802,1,
946684823,5446,2797,1,
946684823,5452,2804,1,
946684823,5457,2806,1,
946684823,5462,2800,1,
946684823,5468,2805,1,
946684823,5473,2805,1,
946684823,5478,2798,1,
946684823,5485,2807,1,
946684823,5490,2809,1,
946684823,5496,2803,1,
946684823,5501,2810,1,
946684823,5506,2813,1,
946684823,5512,2811,1,
946684823,5517,2820,1,
946684823,5522,2822,1,
946684823,5529,2821,1,
946684823,5534,2831,1,
946684823,5539,2832,1,
946684823,5545,2831,1,
946684823,5551,2830,1,
946684823,5556,2844,1,
946684823,5562,2843,1,
946684823,5568,2854,1,
946684823,5573,2859,1,
946684823,5579,2857,1,
946684823,5586,2868,1,
946684823,5591,2880,1,
946684823,5596,2883,1,
946684823,5602,2891,1,
946684823,5607,2905,1,
946684823,5614,2912,1,
946684823,5619,2925,1,
946684823,5624,2944,1,
946684823,5630,2954,1,
946684823,5635,2972,1,
946684823,5640,2996,1,
946684823,5646,3006,1,
946684823,5651,3024,1,
946684823,5657,3044,1,
946684823,5663,3053,1,
946684823,5669,3051,1,
946684823,5674,3086,1,
946684823,5680,3094,1,
946684823,5685,3108,1,
946684823,5690,3123,1,
946684823,5697,3127,1,
946684823,5702,3136,1,
946684823,5708,3148,1,
946684823,5713,3148,1,
946684823,5718,3155,1,
946684823,5724,3163,1,
946684823,5729,3159,1,
946684823,5734,3163,1,
946684823,5741,3166,1,
946684823,5746,3159,1,
946684823,5751,3160,1,
946684823,5757,3162,1,
946684823,5762,3151,1,
946684823,5768,3152,1,
946684823,5773,3153,1,
946684823,5778,3146,1,
946684823,5785,3150,1,
946684823,5791,3153,1,
946684823,5796,3148,1,
946684823,5802,3149,1,
946684823,5807,3155,1,
946684823,5812,3149,1,
946684823,5818,3152,1,
946684823,5824,3155,1,
946684823,5829,3148,1,
946684823,5835,3149,1,
946684823,5840,3148,1,
946684823,5846,3140,1,
946684823,5851,3139,1,
946684823,5856,3137,1,
946684823,5862,3126,1,
946684823,5868,3125,1,
946684823,5873,3122,1,
946684823,5879,3113,1,
946684823,5884,3117,1,
946684823,5889,3118,1,
946684823,5895,3115,1,
946684823,5900,3126,1,
946684823,5906,3128,1,
946684823,5913,3143,1,
946684823,5918,3159,1,
946684823,5923,3178,1,
946684823,5929,3191,1,
946684823,5934,3218,1,
946684823,5940,3245,1,
946684823,5945,3265,1,
946684823,5951,3300,1,
946684823,5957,3334,1,
946684823,5962,3361,1,
946684823,5967,3400,1,
946684823,5973,3434,1,
946684823,5978,3461,1,
946684823,5984,3500,1,
946684823,5989,3534,1,
946684823,5995,3562,1,
946684823,6001,3600,1,
946684823,6006,3635,1,
946684823,6011,3662,1,
946684823,6017,3702,1,
946684823,6023,3720,1,
946684823,6028,3776,1,
946684823,6034,3819,1,
946684823,6040,3865,1,
946684823,6045,3908,1,
946684823,6051,3962,1,
946684823,6056,4017,1,
946684823,6061,4069,1,
946684823,6067,4132,1,
946684823,6072,4196,1,
946684823,6077,4254,1,
946684823,6084,4322,1,
946684823,6089,4384,1,
946684823,6095,4438,1,
946684823,6100,4501,1,
946684823,6105,4556,1,
946684823,6111,4602,1,
946684823,6116,4659,1,
946684823,6122,4706,1,
946684824,6128,4750,1,
946684824,6133,4806,1,
946684800,7,935,0,0.00
946684800,14,941,0,
946684800,19,947,0,
946684800,24,951,0,
946684800,30,943,0,
946684800,35,954,0,
946684800,40,957,0,
946684800,46,950,0,
946684800,51,961,0,
946684800,56,959,0,
946684800,61,960,0,
946684800,66,969,0,
946684800,72,961,0,
946684800,77,967,0,
946684800,83,973,0,
946684800,88,962,0,
946684800,93,972,0,
946684800,98,971,0,
946684800,103,968,0,
946684800,108,976,0,
946684800,115,973,0,
946684800,120,973,0,
946684800,125,981,0,
946684800,130,973,0,
946684800,136,976,0,
946684801,141,984,0,
946684801,147,981,0,
946684801,152,982,0,
946684801,158,984,0,
946684801,163,977,0,
946684801,168,985,0,
946684801,174,986,0,
946684801,179,977,0,
946684801,184,989,0,
946684801,189,986,0,
946684801,195,981,0,
946684801,201,987,0,
946684801,206,982,0,
946684801,211,980,0,
946684801,216,987,0,
946684801,222,975,0,
946684801,227,980,0,
946684801,232,982,0,
946684801,237,972,0,
946684801,243,978,0,
946684801,249,975,0,
946684801,254,969,0,
946684801,260,975,0,
946684801,265,972,0,
946684801,270,965,0,
946684801,275,973,0,
946684801,281,971,0,
946684801,287,964,0,
946684801,292,974,0,
946684801,297,969,0,
946684801,303,968,0,
946684801,308,973,0,
946684801,313,967,0,
946684801,318,973,0,
946684801,323,974,0,
946684801,330,967,0,
946684801,335,975,0,
946684801,340,976,0,
946684801,345,968,0,
946684801,350,980,0,
946684801,356,978,0,
946684801,361,973,0,
946684801,366,983,0,
946684801,372,976,0,
946684801,378,977,0,
946684801,383,981,0,
946684801,389,978,0,
946684801,394,974,0,
946684801,399,983,0,
946684801,404,978,0,
946684801,410,979,0,
946684801,416,981,0,
946684801,421,973,0,
946684801,426,981,0,
946684801,431,979,0,
946684801,437,974,0,
946684801,442,981,0,
946684801,447,979,0,
946684801,452,977,0,
946684801,458,985,0,
946684801,464,980,0,
946684801,469,980,0,
946684801,474,988,0,
946684801,479,976,0,
946684801,485,984,0,
946684801,490,986,0,
946684801,495,977,0,
946684801,501,985,0,
946684801,506,984,0,
946684801,512,978,0,
946684801,518,984,0,
946684801,523,985,0,
946684801,528,976,0,
946684801,533,983,0,
946684801,538,981,0,
946684801,546,990,1,
946684801,551,996,1,
946684801,557,999,1,
946684801,562,989,1,
946684801,567,997,1,
946684801,572,995,1,
946684801,578,987,1,
946684801,584,997,1,
946684801,589,989,1,
946684801,594,990,1,
946684801,599,996,1,
946684801,605,989,1,
946684801,610,991,1,
946684801,615,995,1,
946684801,620,986,1,
946684801,627,993,1,
946684801,632,995,1,
946684801,638,987,1,
946684801,643,991,1,
946684801,648,992,1,
946684801,653,987,1,
946684801,659,995,1,
946684801,664,992,1,
946684801,670,986,1,
946684801,675,996,1,
946684801,681,990,1,
946684801,686,988,1,
946684801,691,995,1,
946684801,696,988,1,
946684801,701,989,1,
946684801,707,995,1,
946684801,713,986,1,
946684801,718,990,1,
946684801,723,994,1,
946684801,729,981,1,
946684801,734,990,1,
946684801,739,990,1,
946684801,744,981,1,
946684801,749,988,1,
946684801,756,985,1,
946684801,761,981,1,
946684801,767,989,1,
946684801,772,986,1,
946684801,777,980,1,
946684801,783,989,1,
946684801,788,985,1,
946684801,793,984,1,
946684801,799,990,1,
946684801,804,981,1,
946684801,810,986,1,
946684801,815,990,1,
946684801,820,981,1,
946684801,825,988,1,
946684801,831,987,1,
946684801,836,981,1,
946684801,842,989,1,
946684801,847,982,1,
946684801,852,979,1,
946684801,858,986,1,
946684801,863,982,1,
946684801,868,980,1,
946684801,873,985,1,
946684801,879,979,1,
946684801,885,982,1,
946684801,891,985,1,
946684801,896,978,1,
946684801,901,981,1,
946684801,906,985,1,
946684801,912,977,1,
946684801,917,983,1,
946684801,922,986,1,
946684801,928,977,1,
946684801,934,985,1,
946684801,939,985,1,
946684801,944,977,1,
946684801,949,986,1,
946684801,954,981,1,
946684801,960,979,1,
946684801,966,985,1,
946684801,971,977,1,
946684801,976,980,1,
946684801,982,984,1,
946684801,987,975,1,
946684801,992,981,1,
946684801,997,982,1,
946684801,1003,973,1,
946684801,1009,983,1,
946684801,1015,980,1,
946684801,1020,972,1,
946684801,1025,980,1,
946684801,1031,980,1,
946684801,1036,973,1,
946684801,1041,981,1,
946684801,1047,979,1,
946684801,1053,974,1,
946684801,1058,979,1,
946684801,1064,978,1,
946684801,1069,974,1,
946684801,1074,980,1,
946684801,1079,977,1,
946684801,1086,971,1,
946684801,1092,976,1,
946684801,1098,978,1,
946684801,1103,970,1,
946684801,1108,977,1,
946684801,1114,975,1,
946684801,1119,969,1,
946684801,1124,977,1,
946684801,1130,975,1,
946684801,1137,966,1,
946684802,1142,973,1,
946684802,1147,972,1,
946684802,1153,965,1,
946684802,1158,975,1,
946684802,1163,968,1,
946684802,1168,962,1,
946684802,1174,971,1,
946684802,1180,966,1,
946684802,1185,964,1,
946684802,1191,967,1,
946684802,1196,962,1,
946684802,1201,958,1,
946684802,1207,967,1,
946684802,1212,957,1,
946684802,1217,960,1,
946684802,1223,964,1,
946684802,1229,954,1,
946684802,1234,958,1,
946684802,1239,960,1,
946684802,1245,954,1,
946684802,1250,958,1,
946684802,1255,960,1,
946684802,1261,948,1,
946684802,1268,954,1,
946684802,1273,956,1,
946684802,1278,950,1,
946684802,1283,954,1,
946684802,1289,954,1,
946684802,1294,946,1,
946684802,1299,953,1,
946684802,1305,952,1,
946684802,1311,948,1,
946684802,1316,955,1,
946684802,1322,956,1,
946684802,1327,957,1,
946684802,1332,963,1,
946684802,1337,961,1,
946684802,1343,959,1,
946684802,1348,973,1,
946684802,1354,969,1,
946684802,1360,976,1,
946684802,1365,989,1,
946684802,1370,985,1,
946684802,1375,997,1,
946684802,1382,1011,1,
946684802,1387,1015,1,
946684802,1393,1027,1,
946684802,1399,1045,1,
946684802,1404,1051,1,
946684802,1409,1063,1,
946684802,1415,1085,1,
946684802,1420,1101,1,
946684802,1425,1112,1,
946684802,1431,1142,1,
946684802,1437,1158,1,
946684802,1443,1173,1,
946684802,1448,1199,1,
946684802,1453,1213,1,
946684802,1459,1243,1,
946684802,1464,1273,1,
946684802,1469,1285,1,
946684802,1475,1319,1,
946684802,1481,1344,1,
946684802,1487,1362,1,
946684802,1492,1399,1,
946684802,1498,1444,1,
946684802,1503,1487,1,
946684802,1509,1540,1,
946684802,1514,1603,1,
946684802,1519,1654,1,
946684802,1526,1727,1,
946684802,1531,1807,1,
946684802,1537,1869,1,
946684802,1542,1933,1,
946684802,1547,1992,1,
946684802,1553,2023,1,
946684802,1558,2055,1,
946684802,1564,2069,1,
946684802,1570,2059,1,
946684802,1575,2055,1,
946684802,1581,2044,1,
946684802,1586,2020,1,
946684802,1591,2021,1,
946684802,1597,2014,1,
946684802,1602,2012,1,
946684802,1608,2035,1,
946684802,1614,2057,1,
946684802,1620,2100,1,
946684802,1625,2164,1,
946684802,1631,2242,1,
946684802,1637,2357,1,
946684802,1643,2457,1,
946684802,1649,2585,1,
946684802,1655,2712,1,
946684802,1660,2844,1,
946684802,1665,3000,1,
946684802,1671,3144,1,
946684802,1676,3278,1,
946684802,1681,3396,1,
946684802,1687,3496,1,
946684802,1693,3566,1,
946684802,1699,3617,1,
946684802,1704,3628,1,
946684802,1709,3619,1,
946684802,1715,3609,1,
946684802,1720,3577,1,
946684802,1725,3551,1,
946684802,1731,3541,1,
946684802,1738,3512,1,
946684802,1743,3532,1,
946684802,1749,3569,1,
946684802,1754,3613,1,
946684802,1759,3671,1,
946684802,1765,3752,1,
946684802,1770,3824,1,
946684802,1775,3891,1,
946684802,1782,3965,1,
946684802,1787,4013,1,
946684802,1793,4044,1,
946684802,1798,4048,1,
946684802,1803,3997,1,
946684802,1809,3907,1,
946684802,1814,3797,1,
946684802,1820,3641,1,
946684802,1826,3463,1,
946684802,1831,3288,1,
946684802,1837,3100,1,
946684802,1842,2935,1,
946684802,1847,2789,1,
946684802,1853,2637,1,
946684802,1859,2473,1,
946684802,1865,2333,1,
946684802,1870,2170,1,
946684802,1876,2007,1,
946684802,1881,1852,1,
946684802,1887,1693,1,
946684802,1892,1557,1,
946684802,1897,1450,1,
946684802,1903,1354,1,
946684802,1909,1275,1,
946684802,1914,1222,1,
946684802,1920,1166,1,
946684802,1925,1125,1,
946684802,1931,1101,1,
946684802,1936,1067,1,
946684802,1941,1047,1,
946684802,1948,1037,1,
946684802,1953,1015,1,
946684802,1958,1008,1,
946684802,1964,1003,1,
946684802,1969,990,1,
946684802,1975,984,1,
946684802,1980,988,1,
946684802,1986,977,1,
946684802,1992,976,1,
946684802,1997,976,1,
946684802,2003,969,1,
946684802,2008,971,1,
946684802,2013,972,1,
946684802,2019,963,1,
946684802,2024,967,1,
946684802,2029,967,1,
946684802,2035,959,1,
946684802,2041,964,1,
946684802,2046,967,1,
946684802,2051,961,1,
946684802,2057,971,1,
946684802,2062,973,1,
946684802,2067,965,1,
946684802,2073,972,1,
946684802,2079,971,1,
946684802,2084,965,1,
946684802,2089,974,1,
946684802,2095,970,1,
946684802,2101,966,1,
946684802,2106,977,1,
946684802,2111,973,1,
946684802,2118,969,1,
946684802,2123,977,1,
946684802,2128,970,1,
946684802,2134,967,1,
946684803,2139,977,1,
946684803,2144,969,1,
946684803,2149,972,1,
946684803,2155,980,1,
946684803,2161,972,1,
946684803,2166,977,1,
946684803,2172,981,1,
946684803,2177,973,1,
946684803,2182,979,1,
946684803,2189,983,1,
946684803,2194,980,1,
946684803,2200,1000,1,
946684803,2206,993,1,
946684803,2211,984,1,
946684803,2217,974,1,
946684803,2223,983,1,
946684803,2228,975,1,
946684803,2233,967,1,
946684803,2239,980,1,
946684803,2244,972,1,
946684803,2250,967,1,
946684803,2255,973,1,
946684803,2261,969,1,
946684803,2266,977,1,
946684803,2271,977,1,
946684803,2277,999,1,
946684803,2282,966,1,
946684803,2287,983,1,
946684803,2294,978,1,
946684803,2299,991,1,
946684803,2304,1001,1,
946684803,2310,987,1,
946684803,2315,993,1,
946684803,2320,994,1,
946684803,2325,990,1,
946684803,2332,997,1,
946684803,2338,996,1,
946684803,2343,976,1,
946684803,2348,963,1,
946684803,2354,919,1,
946684803,2359,921,1,
946684803,2364,957,1,
946684803,2370,989,1,
946684803,2376,972,1,
946684803,2381,971,1,
946684803,2386,956,1,
946684803,2392,956,1,
946684803,2397,975,1,
946684803,2402,977,1,
946684803,2408,989,1,
946684803,2413,1000,1,
946684803,2419,991,1,
946684803,2425,991,1,
946684803,2430,1007,1,
946684803,2435,999,1,
946684803,2441,1006,1,
946684803,2446,1019,1,
946684803,2451,1003,1,
946684803,2457,1008,1,
946684803,2464,1009,1,
946684803,2469,1001,1,
946684803,2474,999,1,
946684803,2480,1006,1,
946684803,2485,998,1,
946684803,2490,1000,1,
946684803,2496,1007,1,
946684803,2502,997,1,
946684803,2508,1003,1,
946684803,2513,1008,1,
946684803,2518,999,1,
946684803,2524,1003,1,
946684803,2529,1010,1,
946684803,2534,1000,1,
946684803,2540,1007,1,
946684803,2546,1010,1,
946684803,2551,1002,1,
946684803,2557,1011,1,
946684803,2562,1014,1,
946684803,2568,1006,1,
946684803,2573,1014,1,
946684803,2579,1019,1,
946684803,2584,1012,1,
946684803,2591,1020,1,
946684803,2596,1024,1,
946684803,2601,1017,1,
946684803,2607,1025,1,
946684803,2612,1031,1,
946684803,2618,1023,1,
946684803,2623,1033,1,
946684803,2628,1039,1,
946684803,2635,1030,1,
946684803,2640,1039,1,
946684803,2645,1041,1,
946684803,2651,1033,1,
946684803,2656,1041,1,
946684803,2662,1043,1,
946684803,2667,1035,1,
946684803,2673,1045,1,
946684803,2679,1043,1,
946684803,2684,1038,1,
946684803,2689,1046,1,
946684803,2696,1046,1,
946684803,2701,1041,1,
946684803,2706,1049,1,
946684803,2712,1051,1,
946684803,2718,1044,1,
946684803,2723,1052,1,
946684803,2729,1057,1,
946684803,2734,1045,1,
946684803,2741,1049,1,
946684803,2746,1059,1,
946684803,2752,1053,1,
946684803,2758,1053,1,
946684803,2764,1063,1,
946684803,2769,1057,1,
946684803,2774,1058,1,
946684803,2780,1072,1,
946684803,2785,1067,1,
946684803,2790,1063,1,
946684803,2796,1065,1,
946684803,2802,1057,1,
946684803,2807,1061,1,
946684803,2814,1070,1,
946684803,2819,1058,1,
946684803,2824,1056,1,
946684803,2830,1062,1,
946684803,2835,1060,1,
946684803,2840,1055,1,
946684803,2847,1065,1,
946684803,2852,1051,1,
946684803,2858,1057,1,
946684803,2863,1060,1,
946684803,2868,1039,1,
946684803,2874,1035,1,
946684803,2879,1058,1,
946684803,2884,1033,1,
946684803,2891,1036,1,
946684803,2896,1039,1,
946684803,2901,1027,1,
946684803,2907,1027,1,
946684803,2912,1027,1,
946684803,2918,1013,1,
946684803,2923,1018,1,
946684803,2929,1025,1,
946684803,2935,1015,1,
946684803,2941,1012,1,
946684803,2946,1021,1,
946684803,2952,1011,1,
946684803,2957,1012,1,
946684803,2962,1022,1,
946684803,2968,1012,1,
946684803,2974,1011,1,
946684803,2979,1017,1,
946684803,2985,1009,1,
946684803,2990,1011,1,
946684803,2996,1016,1,
946684803,3001,1005,1,
946684803,3006,1007,1,
946684803,3012,1011,1,
946684803,3018,1001,1,
946684803,3023,1005,1,
946684803,3029,1008,1,
946684803,3034,997,1,
946684803,3039,1001,1,
946684803,3045,1003,1,
946684803,3103,995,1,
946684803,3108,991,1,
946684803,3114,1000,1,
946684803,3119,996,1,
946684803,3124,989,1,
946684803,3129,999,1,
946684804,3135,993,1,
946684804,3140,990,1,
946684804,3146,999,1,
946684804,3152,993,1,
946684804,3157,992,1,
946684804,3162,997,1,
946684804,3167,989,1,
946684804,3173,991,1,
946684804,3178,992,1,
946684804,3183,985,1,
946684804,3190,990,1,
946684804,3195,992,1,
946684804,3200,982,1,
946684804,3205,988,1,
946684804,3211,989,1,
946684804,3216,980,1,
946684804,3222,988,1,
946684804,3228,986,1,
946684804,3234,977,1,
946684804,3239,983,1,
946684804,3244,984,1,
946684804,3249,976,1,
946684804,3255,983,1,
946684804,3260,979,1,
946684804,3265,972,1,
946684804,3272,980,1,
946684804,3277,976,1,
946684804,3282,969,1,
946684804,3288,978,1,
946684804,3293,969,1,
946684804,3298,967,1,
946684804,3303,974,1,
946684804,3309,965,1,
946684804,3315,967,1,
946684804,3320,972,1,
946684804,3326,963,1,
946684804,3331,968,1,
946684804,3336,970,1,
946684804,3343,966,1,
946684804,3349,961,1,
946684804,3354,969,1,
946684804,3361,968,1,
946684804,3366,963,1,
946684804,3371,970,1,
946684804,3377,965,1,
946684804,3382,962,1,
946684804,3387,970,1,
946684804,3392,964,1,
946684804,3399,962,1,
946684804,3404,968,1,
946684804,3409,962,1,
946684804,3415,962,1,
946684804,3420,968,1,
946684804,3425,961,1,
946684804,3431,961,1,
946684804,3436,966,1,
946684804,3442,958,1,
946684804,3447,964,1,
946684804,3453,965,1,
946684804,3458,958,1,
946684804,3463,966,1,
946684804,3469,966,1,
946684804,3475,959,1,
946684804,3480,963,1,
946684804,3486,967,1,
946684804,3492,958,1,
946684804,3497,965,1,
946684804,3502,964,1,
946684804,3507,956,1,
946684804,3513,966,1,
946684804,3518,962,1,
946684804,3523,954,1,
946684804,3530,964,1,
946684804,3535,956,1,
946684804,3540,954,1,
946684804,3546,962,1,
946684804,3551,956,1,
946684804,3556,953,1,
946684804,3561,957,1,
946684804,3567,951,1,
946684804,3573,952,1,
946684804,3578,958,1,
946684804,3584,949,1,
946684804,3590,951,1,
946684804,3595,957,1,
946684804,3600,949,1,
946684804,3606,950,1,
946684804,3612,955,1,
946684804,3617,948,1,
946684804,3622,952,1,
946684804,3628,953,1,
946684804,3633,947,1,
946684804,3638,953,1,
946684804,3644,953,1,
946684804,3649,947,1,
946684804,3655,953,1,
946684804,3661,953,1,
946684804,3666,945,1,
946684804,3671,954,1,
946684804,3676,951,1,
946684804,3682,944,1,
946684804,3687,954,1,
946684804,3692,950,1,
946684804,3699,944,1,
946684804,3704,955,1,
946684804,3710,948,1,
946684804,3715,946,1,
946684804,3721,955,1,
946684804,3726,949,1,
946684804,3731,946,1,
946684804,3737,954,1,
946684804,3743,950,1,
946684804,3748,947,1,
946684804,3753,956,1,
946684804,3759,950,1,
946684804,3764,948,1,
946684804,3769,953,1,
946684804,3775,948,1,
946684804,3780,951,1,
946684804,3786,954,1,
946684804,3792,948,1,
946684804,3797,952,1,
946684804,3802,954,1,
946684804,3807,946,1,
946684804,3813,956,1,
946684804,3818,955,1,
946684804,3823,946,1,
946684804,3830,956,1,
946684804,3836,953,1,
946684804,3841,949,1,
946684804,3846,956,1,
946684804,3852,956,1,
946684804,3857,950,1,
946684804,3862,957,1,
946684804,3868,957,1,
946684804,3874,948,1,
946684804,3879,960,1,
946684804,3884,955,1,
946684804,3891,950,1,
946684804,3896,954,1,
946684804,3902,960,1,
946684804,3907,948,1,
946684804,3913,955,1,
946684804,3919,957,1,
946684804,3924,948,1,
946684804,3929,954,1,
946684804,3935,954,1,
946684804,3940,948,1,
946684804,3945,957,1,
946684804,3950,952,1,
946684804,3958,947,1,
946684804,3963,956,1,
946684804,3968,956,1,
946684804,3973,948,1,
946684804,3979,959,1,
946684804,3984,954,1,
946684804,3989,947,1,
946684804,3996,959,1,
946684804,4001,955,1,
946684804,4006,954,1,
946684804,4012,960,1,
946684804,4017,954,1,
946684804,4022,955,1,
946684804,4027,962,1,
946684804,4033,955,1,
946684804,4039,955,1,
946684804,4044,958,1,
946684804,4050,954,1,
946684804,4055,960,1,
946684804,4060,963,1,
946684804,4066,954,1,
946684804,4071,961,1,
946684804,4077,963,1,
946684804,4083,958,1,
946684804,4088,960,1,
946684804,4094,967,1,
946684804,4099,957,1,
946684804,4104,964,1,
946684804,4110,966,1,
946684804,4115,958,1,
946684804,4120,965,1,
946684804,4127,965,1,
946684804,4132,960,1,
946684805,4137,968,1,
946684805,4142,965,1,
946684805,4148,961,1,
946684805,4153,971,1,
946684805,4158,967,1,
946684805,4164,963,1,
946684805,4170,971,1,
946684805,4175,965,1,
946684805,4181,965,1,
946684805,4186,971,1,
946684805,4191,967,1,
946684805,4197,968,1,
946684805,4202,975,1,
946684805,4209,967,1,
946684805,4214,967,1,
946684805,4219,974,1,
946684805,4225,966,1,
946684805,4230,969,1,
946684805,4235,975,1,
946684805,4241,967,1,
946684805,4246,970,1,
946684805,4252,977,1,
946684805,4257,963,1,
946684805,4263,972,1,
946684805,4268,973,1,
946684805,4273,964,1,
946684805,4279,973,1,
946684805,4284,973,1,
946684805,4289,968,1,
946684805,4296,977,1,
946684805,4301,973,1,
946684805,4306,963,1,
946684805,4311,975,1,
946684805,4317,973,1,
946684805,4323,966,1,
946684805,4328,977,1,
946684805,4333,974,1,
946684805,4340,966,1,
946684805,4345,976,1,
946684805,4350,972,1,
946684805,4356,969,1,
946684805,4361,976,1,
946684805,4366,970,1,
946684805,4371,970,1,
946684805,4377,974,1,
946684805,4383,973,1,
946684805,4388,970,1,
946684805,4394,975,1,
946684805,4399,969,1,
946684805,4404,973,1,
946684805,4410,973,1,
946684805,4415,967,1,
946684805,4420,974,1,
946684805,4427,975,1,
946684805,4432,970,1,
946684805,4439,969,1,
946684805,4445,976,1,
946684805,4450,969,1,
946684805,4455,968,1,
946684805,4461,978,1,
946684805,4467,972,1,
946684805,4472,967,1,
946684805,4477,975,1,
946684805,4483,972,1,
946684805,4488,972,1,
946684805,4493,979,1,
946684805,4499,970,1,
946684805,4504,973,1,
946684805,4510,976,1,
946684805,4516,969,1,
946684805,4521,975,1,
946684805,4526,977,1,
946684805,4531,970,1,
946684805,4537,975,1,
946684805,4542,975,1,
946684805,4547,969,1,
946684805,4554,978,1,
946684805,4559,977,1,
946684805,4565,972,1,
946684805,4570,976,1,
946684805,4576,976,1,
946684805,4581,969,1,
946684805,4586,978,1,
946684805,4591,976,1,
946684805,4598,968,1,
946684805,4603,979,1,
946684805,4608,974,1,
946684805,4614,972,1,
946684805,4619,980,1,
946684805,4624,975,1,
946684805,4630,970,1,
946684805,4636,980,1,
946684805,4641,973,1,
946684805,4646,973,1,
946684805,4652,982,1,
946684805,4657,973,1,
946684805,4662,975,1,
946684805,4668,981,1,
946684805,4673,971,1,
946684805,4679,976,1,
946684805,4685,984,1,
946684805,4691,974,1,
946684805,4696,976,1,
946684805,4701,980,1,
946684805,4706,976,1,
946684805,4712,975,1,
946684805,4717,983,1,
946684805,4723,971,1,
946684805,4729,980,1,
946684805,4734,982,1,
946684805,4739,974,1,
946684805,4745,981,1,
946684805,4750,978,1,
946684805,4755,972,1,
946684805,4760,976,1,
946684805,4767,977,1,
946684805,4772,971,1,
946684805,4777,981,1,
946684805,4783,975,1,
946684805,4788,972,1,
946684805,4793,980,1,
946684805,4799,975,1,
946684805,4804,973,1,
946684805,4811,981,1,
946684805,4816,976,1,
946684805,4822,970,1,
946684805,4827,981,1,
946684805,4832,975,1,
946684805,4837,972,1,
946684805,4843,977,1,
946684805,4849,971,1,
946684805,4854,975,1,
946684805,4860,981,1,
946684805,4865,976,1,
946684805,4870,977,1,
946684805,4876,979,1,
946684805,4881,969,1,
946684805,4886,976,1,
946684805,4892,977,1,
946684805,4898,972,1,
946684805,4903,977,1,
946684805,4908,975,1,
946684805,4914,970,1,
946684805,4919,981,1,
946684805,4924,976,1,
946684805,4930,968,1,
946684805,4937,979,1,
946684805,4942,976,1,
946684805,4947,969,1,
946684805,4952,979,1,
946684805,4958,975,1,
946684805,4963,971,1,
946684805,4968,979,1,
946684805,4974,974,1,
946684805,4980,971,1,
946684805,4987,975,1,
946684805,4992,976,1,
946684805,4997,968,1,
946684805,5003,976,1,
946684805,5008,975,1,
946684805,5013,969,1,
946684805,5020,976,1,
946684805,5025,976,1,
946684805,5030,969,1,
946684805,5035,978,1,
946684805,5041,972,1,
946684805,5046,970,1,
946684805,5052,978,1,
946684805,5057,975,1,
946684805,5064,972,1,
946684805,5069,978,1,
946684805,5074,974,1,
946684805,5080,972,1,
946684805,5085,978,1,
946684805,5090,973,1,
946684805,5095,973,1,
946684805,5101,979,1,
946684805,5107,972,1,
946684805,5112,975,1,
946684805,5118,979,1,
946684805,5123,973,1,
946684805,5128,976,1,
946684806,5134,978,1,
946684806,5139,971,1,
946684806,5144,978,1,
946684806,5150,978,1,
946684806,5156,970,1,
946684806,5161,978,1,
946684806,5166,975,1,
946684806,5172,970,1,
946684806,5178,974,1,
946684806,5183,977,1,
946684806,5188,969,1,
946684806,5195,975,1,
946684806,5200,973,1,
946684806,5205,970,1,
946684806,5210,976,1,
946684806,5216,977,1,
946684806,5221,968,1,
946684806,5226,977,1,
946684806,5233,972,1,
946684806,5238,966,1,
946684806,5243,976,1,
946684806,5249,967,1,
946684806,5254,971,1,
946684806,5259,976,1,
946684806,5264,967,1,
946684806,5270,970,1,
946684806,5276,972,1,
946684806,5281,966,1,
946684806,5287,972,1,
946684806,5292,974,1,
946684806,5298,966,1,
946684806,5303,965,1,
946684806,5309,972,1,
946684806,5314,964,1,
946684806,5320,970,1,
946684806,5325,972,1,
946684806,5331,964,1,
946684806,5336,967,1,
946684806,5341,971,1,
946684806,5347,960,1,
946684806,5352,969,1,
946684806,5357,968,1,
946684806,5364,960,1,
946684806,5369,968,1,
946684806,5374,965,1,
946684806,5379,959,1,
946684806,5385,969,1,
946684806,5390,965,1,
946684806,5395,965,1,
946684806,5401,970,1,
946684806,5407,963,1,
946684806,5412,963,1,
946684806,5418,969,1,
946684806,5424,965,1,
946684806,5429,960,1,
946684806,5434,967,1,
946684806,5439,960,1,
946684806,5446,962,1,
946684806,5451,967,1,
946684806,5456,962,1,
946684806,5462,966,1,
946684806,5467,967,1,
946684806,5472,962,1,
946684806,5478,965,1,
946684806,5483,968,1,
946684806,5489,958,1,
946684806,5494,966,1,
946684806,5500,967,1,
946684806,5505,958,1,
946684806,5510,968,1,
946684806,5516,966,1,
946684806,5521,960,1,
946684806,5526,967,1,
946684806,5534,968,1,
946684806,5540,957,1,
946684806,5545,960,1,
946684806,5551,970,1,
946684806,5556,962,1,
946684806,5561,965,1,
946684806,5567,970,1,
946684806,5572,964,1,
946684806,5578,964,1,
946684806,5583,969,1,
946684806,5589,966,1,
946684806,5594,966,1,
946684806,5599,972,1,
946684806,5605,960,1,
946684806,5610,970,1,
946684806,5615,966,1,
946684806,5622,964,1,
946684806,5627,971,1,
946684806,5632,969,1,
946684806,5637,966,1,
946684806,5643,972,1,
946684806,5648,968,1,
946684806,5653,966,1,
946684806,5660,974,1,
946684806,5666,971,1,
946684806,5671,964,1,
946684806,5676,974,1,
946684806,5682,970,1,
946684806,5687,967,1,
946684806,5692,975,1,
946684806,5698,970,1,
946684806,5704,967,1,
946684806,5709,974,1,
946684806,5714,967,1,
946684806,5720,973,1,
946684806,5725,975,1,
946684806,5730,967,1,
946684806,5736,971,1,
946684806,5741,975,1,
946684806,5747,966,1,
946684806,5753,972,1,
946684806,5758,973,1,
946684806,5763,965,1,
946684806,5768,973,1,
946684806,5774,970,1,
946684806,5779,965,1,
946684806,5785,972,1,
946684806,5791,971,1,
946684806,5797,966,1,
946684806,5802,971,1,
946684806,5807,971,1,
946684806,5813,965,1,
946684806,5818,969,1,
946684806,5823,969,1,
946684806,5828,963,1,
946684806,5835,969,1,
946684806,5840,963,1,
946684806,5845,962,1,
946684806,5851,971,1,
946684806,5856,967,1,
946684806,5861,964,1,
946684806,5867,968,1,
946684806,5873,966,1,
946684806,5878,965,1,
946684806,5883,969,1,
946684806,5889,962,1,
946684806,5894,967,1,
946684806,5899,973,1,
946684806,5905,963,1,
946684806,5911,967,1,
946684806,5917,975,1,
946684806,5922,966,1,
946684806,5928,971,1,
946684806,5933,976,1,
946684806,5938,969,1,
946684806,5943,974,1,
946684806,5949,977,1,
946684806,5954,973,1,
946684806,5960,984,1,
946684806,5966,984,1,
946684806,5971,978,1,
946684806,5976,991,1,
946684806,5982,994,1,
946684806,5987,988,1,
946684806,5992,1001,1,
946684806,5998,1004,1,
946684806,6004,1001,1,
946684806,6009,1014,1,
946684806,6015,1014,1,
946684806,6020,1014,1,
946684806,6026,1026,1,
946684806,6032,1030,1,
946684806,6037,1025,1,
946684806,6042,1040,1,
946684806,6049,1040,1,
946684806,6054,1034,1,
946684806,6059,1049,1,
946684806,6065,1049,1,
946684806,6070,1043,1,
946684806,6075,1056,1,
