if found, contact efe@unc.edu
Firmware updated: 2021/11/02
OpenOBS SN:9

time,millis,R0,gain,temp
946684800,6,858,0,22.50
946684800,12,858,0,
946684800,17,850,0,
946684800,22,860,0,
946684800,27,857,0,
946684800,32,856,0,
946684800,37,862,0,
946684800,42,854,0,
946684800,48,863,0,
946684800,53,863,0,
946684800,58,859,0,
946684800,63,868,0,
946684800,68,861,0,
946684800,73,867,0,
946684800,78,870,0,
946684800,83,863,0,
946684800,89,873,0,
946684800,94,868,0,
946684800,99,871,0,
946684800,104,874,0,
946684800,110,871,0,
946684800,115,875,0,
946684800,120,877,0,
946684800,125,870,0,
946684800,131,881,0,
946684800,136,877,0,
946684800,141,876,0,
946684800,146,883,0,
946684800,151,876,0,
946684800,156,884,0,
946684800,161,885,0,
946684800,166,879,0,
946684800,171,890,0,
946684800,177,885,0,
946684800,182,886,0,
946684800,187,893,0,
946684800,192,884,0,
946684800,197,894,0,
946684800,203,892,0,
946684800,208,887,0,
946684800,213,898,0,
946684800,219,890,0,
946684800,224,893,0,
946684801,230,897,0,
946684801,235,890,0,
946684801,240,895,0,
946684801,245,898,0,
946684801,250,890,0,
946684801,255,900,0,
946684801,261,896,0,
946684801,266,896,0,
946684801,271,902,0,
946684801,276,893,0,
946684801,281,902,0,
946684801,286,902,0,
946684801,291,894,0,
946684801,296,903,0,
946684801,302,899,0,
946684801,307,899,0,
946684801,312,906,0,
946684801,317,894,0,
946684801,323,903,0,
946684801,328,904,0,
946684801,333,896,0,
946684801,338,906,0,
946684801,344,899,0,
946684801,350,899,0,
946684801,355,906,0,
946684801,360,898,0,
946684801,365,903,0,
946684801,370,905,0,
946684801,375,897,0,
946684801,380,908,0,
946684801,385,904,0,
946684801,391,901,0,
946684801,396,908,0,
946684801,401,900,0,
946684801,406,906,0,
946684801,411,907,0,
946684801,416,899,0,
946684801,421,910,0,
946684801,426,906,0,
946684801,432,903,0,
946684801,437,910,0,
946684801,443,902,0,
946684801,448,909,0,
946684801,453,908,0,
946684801,458,902,0,
946684801,463,912,0,
946684801,469,905,0,
946684801,475,900,0,
946684801,480,910,0,
946684801,485,902,0,
946684801,490,907,0,
946684801,495,910,0,
946684801,500,901,0,
946684801,505,913,0,
946684801,510,908,0,
946684801,516,905,0,
946684801,521,914,0,
946684801,528,933,1,
946684801,533,924,1,
946684801,538,935,1,
946684801,543,930,1,
946684801,548,930,1,
946684801,553,935,1,
946684801,559,924,1,
946684801,564,935,1,
946684801,569,934,1,
946684801,574,928,1,
946684801,579,936,1,
946684801,584,927,1,
946684801,590,932,1,
946684801,595,937,1,
946684801,601,927,1,
946684801,606,933,1,
946684801,612,935,1,
946684801,617,925,1,
946684801,622,936,1,
946684801,627,931,1,
946684801,632,929,1,
946684801,637,937,1,
946684801,643,928,1,
946684801,648,934,1,
946684801,653,935,1,
946684801,658,926,1,
946684801,663,938,1,
946684801,668,932,1,
946684801,673,932,1,
946684801,678,939,1,
946684801,685,930,1,
946684801,690,936,1,
946684801,695,937,1,
946684801,700,931,1,
946684801,705,941,1,
946684801,710,935,1,
946684801,716,932,1,
946684801,721,943,1,
946684801,726,935,1,
946684801,732,938,1,
946684801,737,942,1,
946684801,742,934,1,
946684801,747,943,1,
946684801,752,941,1,
946684801,757,936,1,
946684801,762,946,1,
946684801,767,937,1,
946684801,773,942,1,
946684801,779,947,1,
946684801,784,936,1,
946684801,789,945,1,
946684801,794,943,1,
946684801,799,939,1,
946684801,804,948,1,
946684801,809,940,1,
946684801,815,944,1,
946684801,820,947,1,
946684801,825,938,1,
946684801,830,948,1,
946684801,836,947,1,
946684801,841,940,1,
946684801,846,951,1,
946684801,851,946,1,
946684801,857,945,1,
946684801,862,953,1,
946684801,867,944,1,
946684801,873,951,1,
946684801,878,951,1,
946684801,883,944,1,
946684801,888,955,1,
946684801,893,949,1,
946684801,899,950,1,
946684801,904,955,1,
946684801,909,946,1,
946684801,914,954,1,
946684801,919,954,1,
946684801,924,948,1,
946684801,929,958,1,
946684801,934,951,1,
946684801,939,953,1,
946684801,946,959,1,
946684801,951,948,1,
946684801,956,958,1,
946684801,961,959,1,
946684801,967,949,1,
946684801,972,960,1,
946684801,977,957,1,
946684801,982,952,1,
946684801,988,960,1,
946684801,993,952,1,
946684801,998,955,1,
946684801,1003,960,1,
946684801,1008,949,1,
946684801,1013,959,1,
946684801,1018,955,1,
946684801,1024,951,1,
946684801,1030,961,1,
946684801,1035,952,1,
946684801,1040,956,1,
946684801,1045,961,1,
946684801,1052,958,1,
946684801,1057,955,1,
946684801,1062,962,1,
946684801,1067,956,1,
946684801,1073,960,1,
946684801,1079,965,1,
946684801,1084,956,1,
946684801,1089,960,1,
946684801,1095,963,1,
946684801,1100,953,1,
946684801,1105,963,1,
946684801,1110,959,1,
946684801,1116,956,1,
946684801,1121,962,1,
946684801,1126,956,1,
946684801,1131,957,1,
946684801,1137,962,1,
946684801,1142,953,1,
946684801,1147,960,1,
946684801,1152,959,1,
946684801,1158,955,1,
946684801,1163,964,1,
946684801,1168,958,1,
946684801,1174,958,1,
946684801,1179,965,1,
946684801,1184,958,1,
946684801,1189,963,1,
946684801,1195,965,1,
946684801,1201,961,1,
946684801,1206,965,1,
946684801,1211,968,1,
946684801,1216,962,1,
946684801,1221,968,1,
946684802,1227,969,1,
946684802,1232,963,1,
946684802,1237,970,1,
946684802,1243,965,1,
946684802,1248,967,1,
946684802,1253,972,1,
946684802,1258,963,1,
946684802,1264,970,1,
946684802,1269,971,1,
946684802,1274,967,1,
946684802,1279,975,1,
946684802,1285,969,1,
946684802,1290,971,1,
946684802,1295,976,1,
946684802,1300,969,1,
946684802,1306,976,1,
946684802,1311,977,1,
946684802,1317,971,1,
946684802,1322,979,1,
946684802,1328,981,1,
946684802,1333,973,1,
946684802,1338,981,1,
946684802,1343,979,1,
946684802,1348,979,1,
946684802,1353,985,1,
946684802,1359,978,1,
946684802,1364,981,1,
946684802,1370,983,1,
946684802,1375,976,1,
946684802,1380,985,1,
946684802,1385,984,1,
946684802,1390,980,1,
946684802,1396,987,1,
946684802,1401,982,1,
946684802,1406,983,1,
946684802,1412,987,1,
946684802,1417,979,1,
946684802,1422,984,1,
946684802,1427,986,1,
946684802,1433,977,1,
946684802,1438,986,1,
946684802,1443,985,1,
946684802,1449,977,1,
946684802,1455,987,1,
946684802,1460,982,1,
946684802,1465,979,1,
946684802,1470,983,1,
946684802,1475,977,1,
946684802,1480,982,1,
946684802,1486,980,1,
946684802,1491,972,1,
946684802,1497,980,1,
946684802,1502,978,1,
946684802,1507,974,1,
946684802,1512,979,1,
946684802,1517,973,1,
946684802,1522,974,1,
946684802,1528,977,1,
946684802,1533,968,1,
946684802,1539,975,1,
946684802,1544,973,1,
946684802,1550,966,1,
946684802,1555,972,1,
946684802,1560,970,1,
946684802,1565,965,1,
946684802,1570,973,1,
946684802,1576,967,1,
946684802,1583,964,1,
946684802,1588,974,1,
946684802,1593,971,1,
946684802,1599,969,1,
946684802,1604,977,1,
946684802,1609,972,1,
946684802,1614,977,1,
946684802,1619,982,1,
946684802,1625,975,1,
946684802,1630,984,1,
946684802,1635,984,1,
946684802,1641,982,1,
946684802,1646,991,1,
946684802,1651,987,1,
946684802,1656,989,1,
946684802,1661,997,1,
946684802,1668,992,1,
946684802,1673,995,1,
946684802,1678,1002,1,
946684802,1683,997,1,
946684802,1689,1006,1,
946684802,1694,1008,1,
946684802,1699,1003,1,
946684802,1704,1013,1,
946684802,1710,1013,1,
946684802,1716,1011,1,
946684802,1721,1019,1,
946684802,1726,1016,1,
946684802,1731,1018,1,
946684802,1736,1024,1,
946684802,1742,1017,1,
946684802,1747,1026,1,
946684802,1753,1029,1,
946684802,1758,1022,1,
946684802,1763,1031,1,
946684802,1769,1032,1,
946684802,1774,1028,1,
946684802,1779,1039,1,
946684802,1785,1037,1,
946684802,1790,1035,1,
946684802,1796,1046,1,
946684802,1801,1046,1,
946684802,1807,1048,1,
946684802,1812,1058,1,
946684802,1817,1055,1,
946684802,1822,1063,1,
946684802,1827,1071,1,
946684802,1833,1071,1,
946684802,1839,1085,1,
946684802,1844,1089,1,
946684802,1849,1091,1,
946684802,1854,1106,1,
946684802,1860,1110,1,
946684802,1865,1117,1,
946684802,1870,1133,1,
946684802,1875,1135,1,
946684802,1881,1146,1,
946684802,1887,1160,1,
946684802,1892,1161,1,
946684802,1898,1174,1,
946684802,1903,1192,1,
946684802,1908,1193,1,
946684802,1913,1212,1,
946684802,1918,1224,1,
946684802,1925,1229,1,
946684802,1930,1250,1,
946684802,1935,1260,1,
946684802,1940,1270,1,
946684802,1945,1289,1,
946684802,1951,1298,1,
946684802,1956,1311,1,
946684802,1961,1327,1,
946684802,1967,1331,1,
946684802,1972,1346,1,
946684802,1978,1361,1,
946684802,1983,1363,1,
946684802,1988,1382,1,
946684802,1993,1392,1,
946684802,1998,1396,1,
946684802,2004,1415,1,
946684802,2011,1418,1,
946684802,2016,1422,1,
946684802,2021,1436,1,
946684802,2026,1434,1,
946684802,2031,1434,1,
946684802,2037,1442,1,
946684802,2042,1431,1,
946684802,2047,1431,1,
946684802,2053,1428,1,
946684802,2058,1411,1,
946684802,2064,1413,1,
946684802,2069,1402,1,
946684802,2074,1384,1,
946684802,2079,1382,1,
946684802,2084,1368,1,
946684802,2090,1357,1,
946684802,2096,1352,1,
946684802,2101,1337,1,
946684802,2106,1332,1,
946684802,2111,1328,1,
946684802,2118,1312,1,
946684802,2123,1302,1,
946684802,2129,1293,1,
946684802,2134,1289,1,
946684802,2141,1283,1,
946684802,2146,1291,1,
946684802,2151,1288,1,
946684802,2156,1292,1,
946684802,2161,1299,1,
946684802,2167,1299,1,
946684802,2172,1310,1,
946684802,2177,1316,1,
946684802,2183,1315,1,
946684802,2188,1331,1,
946684802,2193,1336,1,
946684802,2199,1337,1,
946684802,2204,1353,1,
946684802,2209,1359,1,
946684802,2214,1371,1,
946684802,2219,1390,1,
946684803,2226,1398,1,
946684803,2231,1418,1,
946684803,2236,1436,1,
946684803,2242,1445,1,
946684803,2247,1467,1,
946684803,2252,1489,1,
946684803,2258,1493,1,
946684803,2264,1514,1,
946684803,2269,1522,1,
946684803,2274,1523,1,
946684803,2279,1537,1,
946684803,2285,1537,1,
946684803,2290,1538,1,
946684803,2295,1552,1,
946684803,2300,1549,1,
946684803,2305,1560,1,
946684803,2312,1574,1,
946684803,2317,1576,1,
946684803,2322,1596,1,
946684803,2327,1611,1,
946684803,2332,1620,1,
946684803,2338,1649,1,
946684803,2343,1664,1,
946684803,2349,1680,1,
946684803,2355,1711,1,
946684803,2360,1727,1,
946684803,2365,1755,1,
946684803,2370,1787,1,
946684803,2376,1805,1,
946684803,2381,1829,1,
946684803,2386,1859,1,
946684803,2392,1871,1,
946684803,2397,1899,1,
946684803,2403,1922,1,
946684803,2408,1932,1,
946684803,2413,1957,1,
946684803,2418,1972,1,
946684803,2423,1983,1,
946684803,2429,2010,1,
946684803,2435,2019,1,
946684803,2440,2033,1,
946684803,2445,2056,1,
946684803,2450,2062,1,
946684803,2456,2080,1,
946684803,2461,2098,1,
946684803,2466,2103,1,
946684803,2472,2119,1,
946684803,2478,2140,1,
946684803,2483,2142,1,
946684803,2489,2162,1,
946684803,2494,2172,1,
946684803,2499,2174,1,
946684803,2504,2192,1,
946684803,2509,2195,1,
946684803,2515,2199,1,
946684803,2521,2213,1,
946684803,2526,2210,1,
946684803,2531,2213,1,
946684803,2536,2216,1,
946684803,2542,2206,1,
946684803,2547,2207,1,
946684803,2552,2201,1,
946684803,2557,2183,1,
946684803,2563,2180,1,
946684803,2569,2165,1,
946684803,2574,2145,1,
946684803,2579,2140,1,
946684803,2585,2107,1,
946684803,2590,2105,1,
946684803,2595,2101,1,
946684803,2600,2085,1,
946684803,2607,2075,1,
946684803,2612,2073,1,
946684803,2617,2057,1,
946684803,2622,2053,1,
946684803,2627,2051,1,
946684803,2633,2039,1,
946684803,2638,2047,1,
946684803,2643,2046,1,
946684803,2649,2040,1,
946684803,2656,2047,1,
946684803,2661,2052,1,
946684803,2666,2046,1,
946684803,2671,2055,1,
946684803,2677,2055,1,
946684803,2682,2049,1,
946684803,2687,2058,1,
946684803,2693,2058,1,
946684803,2699,2055,1,
946684803,2704,2063,1,
946684803,2710,2058,1,
946684803,2715,2053,1,
946684803,2720,2060,1,
946684803,2725,2052,1,
946684803,2730,2050,1,
946684803,2737,2049,1,
946684803,2742,2036,1,
946684803,2747,2035,1,
946684803,2752,2028,1,
946684803,2757,2012,1,
946684803,2763,2014,1,
946684803,2768,2003,1,
946684803,2773,1988,1,
946684803,2779,1985,1,
946684803,2784,1970,1,
946684803,2790,1958,1,
946684803,2795,1954,1,
946684803,2800,1938,1,
946684803,2805,1932,1,
946684803,2810,1926,1,
946684803,2816,1897,1,
946684803,2822,1907,1,
946684803,2828,1904,1,
946684803,2833,1890,1,
946684803,2838,1890,1,
946684803,2843,1884,1,
946684803,2848,1876,1,
946684803,2854,1880,1,
946684803,2859,1868,1,
946684803,2865,1859,1,
946684803,2870,1859,1,
946684803,2875,1848,1,
946684803,2881,1848,1,
946684803,2886,1853,1,
946684803,2891,1845,1,
946684803,2896,1853,1,
946684803,2901,1857,1,
946684803,2908,1854,1,
946684803,2913,1868,1,
946684803,2918,1868,1,
946684803,2923,1868,1,
946684803,2929,1878,1,
946684803,2934,1891,1,
946684803,2939,1899,1,
946684803,2945,1923,1,
946684803,2951,1932,1,
946684803,2956,1953,1,
946684803,2961,1978,1,
946684803,2966,1987,1,
946684803,2972,2011,1,
946684803,2977,2028,1,
946684803,2982,2031,1,
946684803,2987,2052,1,
946684803,2993,2058,1,
946684803,2999,2055,1,
946684803,3004,2067,1,
946684803,3009,2060,1,
946684803,3014,2058,1,
946684803,3019,2060,1,
946684803,3025,2047,1,
946684803,3030,2046,1,
946684803,3036,2043,1,
946684803,3042,2031,1,
946684803,3047,2023,1,
946684803,3052,2031,1,
946684803,3058,2020,1,
946684803,3063,2030,1,
946684803,3068,2034,1,
946684803,3073,2033,1,
946684803,3079,2052,1,
946684803,3085,2063,1,
946684803,3090,2078,1,
946684803,3095,2107,1,
946684803,3100,2124,1,
946684803,3105,2150,1,
946684803,3111,2182,1,
946684803,3117,2200,1,
946684803,3122,2234,1,
946684803,3127,2260,1,
946684803,3132,2278,1,
946684803,3138,2313,1,
946684803,3143,2334,1,
946684803,3148,2349,1,
946684803,3153,2378,1,
946684803,3160,2388,1,
946684803,3165,2406,1,
946684803,3170,2429,1,
946684803,3176,2438,1,
946684803,3181,2452,1,
946684803,3186,2474,1,
946684803,3193,2489,1,
946684803,3198,2497,1,
946684803,3204,2518,1,
946684803,3209,2523,1,
946684803,3215,2527,1,
946684803,3220,2537,1,
946684804,3225,2528,1,
946684804,3230,2530,1,
946684804,3235,2534,1,
946684804,3241,2524,1,
946684804,3247,2532,1,
946684804,3252,2534,1,
946684804,3257,2526,1,
946684804,3262,2537,1,
946684804,3268,2533,1,
946684804,3273,2513,1,
946684804,3279,2545,1,
946684804,3284,2544,1,
946684804,3290,2543,1,
946684804,3295,2553,1,
946684804,3300,2547,1,
946684804,3306,2550,1,
946684804,3311,2553,1,
946684804,3316,2542,1,
946684804,3321,2545,1,
946684804,3326,2541,1,
946684804,3333,2528,1,
946684804,3338,2533,1,
946684804,3343,2524,1,
946684804,3348,2512,1,
946684804,3353,2516,1,
946684804,3359,2507,1,
946684804,3364,2503,1,
946684804,3369,2506,1,
946684804,3375,2496,1,
946684804,3380,2500,1,
946684804,3386,2502,1,
946684804,3392,2500,1,
946684804,3397,2505,1,
946684804,3402,2513,1,
946684804,3407,2508,1,
946684804,3412,2525,1,
946684804,3419,2532,1,
946684804,3424,2534,1,
946684804,3429,2553,1,
946684804,3434,2558,1,
946684804,3439,2564,1,
946684804,3445,2577,1,
946684804,3450,2579,1,
946684804,3455,2586,1,
946684804,3461,2594,1,
946684804,3466,2587,1,
946684804,3472,2594,1,
946684804,3477,2596,1,
946684804,3482,2587,1,
946684804,3487,2595,1,
946684804,3492,2592,1,
946684804,3497,2584,1,
946684804,3504,2565,1,
946684804,3510,2584,1,
946684804,3515,2578,1,
946684804,3520,2583,1,
946684804,3525,2573,1,
946684804,3530,2568,1,
946684804,3536,2571,1,
946684804,3541,2561,1,
946684804,3547,2562,1,
946684804,3552,2561,1,
946684804,3557,2548,1,
946684804,3563,2553,1,
946684804,3568,2547,1,
946684804,3573,2539,1,
946684804,3578,2545,1,
946684804,3583,2539,1,
946684804,3590,2536,1,
946684804,3595,2542,1,
946684804,3600,2534,1,
946684804,3605,2536,1,
946684804,3610,2540,1,
946684804,3616,2522,1,
946684804,3621,2537,1,
946684804,3627,2542,1,
946684804,3633,2534,1,
946684804,3638,2542,1,
946684804,3643,2544,1,
946684804,3648,2537,1,
946684804,3654,2549,1,
946684804,3659,2549,1,
946684804,3664,2548,1,
946684804,3669,2560,1,
946684804,3675,2555,1,
946684804,3681,2559,1,
946684804,3686,2568,1,
946684804,3691,2561,1,
946684804,3696,2575,1,
946684804,3701,2579,1,
946684804,3707,2573,1,
946684804,3712,2586,1,
946684804,3718,2587,1,
946684804,3723,2586,1,
946684804,3731,2596,1,
946684804,3736,2592,1,
946684804,3741,2601,1,
946684804,3746,2610,1,
946684804,3751,2616,1,
946684804,3758,2608,1,
946684804,3763,2617,1,
946684804,3768,2614,1,
946684804,3773,2608,1,
946684804,3778,2614,1,
946684804,3784,2607,1,
946684804,3789,2601,1,
946684804,3794,2606,1,
946684804,3800,2598,1,
946684804,3805,2597,1,
946684804,3811,2600,1,
946684804,3816,2588,1,
946684804,3821,2594,1,
946684804,3826,2591,1,
946684804,3831,2582,1,
946684804,3837,2592,1,
946684804,3843,2587,1,
946684804,3849,2575,1,
946684804,3854,2592,1,
946684804,3859,2590,1,
946684804,3864,2585,1,
946684804,3870,2593,1,
946684804,3875,2588,1,
946684804,3880,2587,1,
946684804,3886,2591,1,
946684804,3891,2581,1,
946684804,3897,2584,1,
946684804,3902,2585,1,
946684804,3907,2576,1,
946684804,3912,2585,1,
946684804,3917,2582,1,
946684804,3923,2583,1,
946684804,3929,2596,1,
946684804,3934,2596,1,
946684804,3939,2600,1,
946684804,3944,2614,1,
946684804,3950,2615,1,
946684804,3955,2626,1,
946684804,3961,2616,1,
946684804,3966,2633,1,
946684804,3972,2638,1,
946684804,3977,2639,1,
946684804,3982,2626,1,
946684804,3988,2630,1,
946684804,3993,2623,1,
946684804,3998,2606,1,
946684804,4003,2610,1,
946684804,4008,2601,1,
946684804,4015,2595,1,
946684804,4020,2602,1,
946684804,4025,2595,1,
946684804,4030,2603,1,
946684804,4035,2615,1,
946684804,4041,2620,1,
946684804,4046,2640,1,
946684804,4051,2654,1,
946684804,4057,2654,1,
946684804,4062,2668,1,
946684804,4068,2667,1,
946684804,4073,2660,1,
946684804,4079,2662,1,
946684804,4084,2657,1,
946684804,4089,2649,1,
946684804,4094,2655,1,
946684804,4100,2648,1,
946684804,4106,2648,1,
946684804,4111,2652,1,
946684804,4116,2640,1,
946684804,4121,2644,1,
946684804,4126,2643,1,
946684804,4132,2632,1,
946684804,4137,2639,1,
946684804,4143,2633,1,
946684804,4148,2623,1,
946684804,4153,2630,1,
946684804,4159,2622,1,
946684804,4164,2620,1,
946684804,4169,2625,1,
946684804,4174,2617,1,
946684804,4179,2619,1,
946684804,4186,2623,1,
946684804,4192,2593,1,
946684804,4197,2605,1,
946684804,4202,2602,1,
946684804,4207,2592,1,
946684804,4212,2602,1,
946684804,4217,2602,1,
946684804,4223,2596,1,
946684805,4229,2603,1,
946684805,4234,2599,1,
946684805,4239,2601,1,
946684805,4244,2607,1,
946684805,4250,2598,1,
946684805,4255,2621,1,
946684805,4260,2627,1,
946684805,4267,2626,1,
946684805,4273,2623,1,
946684805,4278,2631,1,
946684805,4283,2626,1,
946684805,4289,2630,1,
946684805,4294,2638,1,
946684805,4299,2630,1,
946684805,4305,2622,1,
946684805,4310,2640,1,
946684805,4316,2634,1,
946684805,4321,2640,1,
946684805,4327,2643,1,
946684805,4332,2637,1,
946684805,4337,2646,1,
946684805,4342,2648,1,
946684805,4347,2642,1,
946684805,4353,2654,1,
946684805,4359,2650,1,
946684805,4364,2648,1,
946684805,4369,2655,1,
946684805,4374,2646,1,
946684805,4380,2646,1,
946684805,4385,2648,1,
946684805,4390,2634,1,
946684805,4395,2635,1,
946684805,4401,2628,1,
946684805,4407,2615,1,
946684805,4412,2616,1,
946684805,4418,2603,1,
946684805,4423,2571,1,
946684805,4428,2581,1,
946684805,4433,2566,1,
946684805,4440,2548,1,
946684805,4445,2542,1,
946684805,4450,2523,1,
946684805,4455,2511,1,
946684805,4460,2501,1,
946684805,4466,2479,1,
946684805,4471,2474,1,
946684805,4476,2464,1,
946684805,4481,2442,1,
946684805,4487,2441,1,
946684805,4493,2429,1,
946684805,4498,2415,1,
946684805,4503,2415,1,
946684805,4508,2402,1,
946684805,4513,2393,1,
946684805,4519,2394,1,
946684805,4525,2383,1,
946684805,4530,2383,1,
946684805,4536,2377,1,
946684805,4541,2378,1,
946684805,4546,2382,1,
946684805,4551,2387,1,
946684805,4557,2381,1,
946684805,4562,2391,1,
946684805,4568,2393,1,
946684805,4573,2389,1,
946684805,4578,2401,1,
946684805,4584,2401,1,
946684805,4589,2402,1,
946684805,4594,2414,1,
946684805,4599,2413,1,
946684805,4604,2422,1,
946684805,4611,2434,1,
946684805,4616,2433,1,
946684805,4621,2450,1,
946684805,4626,2460,1,
946684805,4631,2461,1,
946684805,4637,2479,1,
946684805,4642,2483,1,
946684805,4648,2461,1,
946684805,4654,2492,1,
946684805,4659,2484,1,
946684805,4664,2475,1,
946684805,4670,2476,1,
946684805,4675,2463,1,
946684805,4680,2452,1,
946684805,4685,2449,1,
946684805,4690,2431,1,
946684805,4697,2428,1,
946684805,4702,2423,1,
946684805,4707,2407,1,
946684805,4712,2414,1,
946684805,4717,2410,1,
946684805,4723,2404,1,
946684805,4728,2414,1,
946684805,4733,2413,1,
946684805,4739,2413,1,
946684805,4744,2426,1,
946684805,4750,2424,1,
946684805,4755,2434,1,
946684805,4761,2447,1,
946684805,4766,2448,1,
946684805,4771,2457,1,
946684805,4776,2467,1,
946684805,4782,2464,1,
946684805,4788,2476,1,
946684805,4793,2482,1,
946684805,4798,2479,1,
946684805,4805,2489,1,
946684805,4810,2499,1,
946684805,4815,2492,1,
946684805,4820,2501,1,
946684805,4827,2504,1,
946684805,4832,2496,1,
946684805,4837,2507,1,
946684805,4842,2505,1,
946684805,4847,2502,1,
946684805,4853,2514,1,
946684805,4858,2512,1,
946684805,4863,2517,1,
946684805,4869,2529,1,
946684805,4874,2531,1,
946684805,4880,2525,1,
946684805,4885,2568,1,
946684805,4891,2580,1,
946684805,4896,2608,1,
946684805,4901,2635,1,
946684805,4906,2654,1,
946684805,4912,2691,1,
946684805,4918,2721,1,
946684805,4923,2738,1,
946684805,4928,2767,1,
946684805,4933,2768,1,
946684805,4938,2764,1,
946684805,4944,2764,1,
946684805,4949,2747,1,
946684805,4955,2740,1,
946684805,4960,2738,1,
946684805,4965,2722,1,
946684805,4971,2726,1,
946684805,4976,2723,1,
946684805,4981,2714,1,
946684805,4986,2722,1,
946684805,4992,2706,1,
946684805,4998,2710,1,
946684805,5004,2718,1,
946684805,5009,2707,1,
946684805,5014,2697,1,
946684805,5019,2701,1,
946684805,5024,2688,1,
946684805,5030,2682,1,
946684805,5035,2681,1,
946684805,5041,2666,1,
946684805,5046,2665,1,
946684805,5051,2665,1,
946684805,5057,2658,1,
946684805,5062,2668,1,
946684805,5067,2671,1,
946684805,5072,2669,1,
946684805,5077,2685,1,
946684805,5083,2686,1,
946684805,5089,2688,1,
946684805,5094,2695,1,
946684805,5099,2685,1,
946684805,5105,2685,1,
946684805,5110,2669,1,
946684805,5115,2675,1,
946684805,5121,2677,1,
946684805,5127,2679,1,
946684805,5132,2666,1,
946684805,5137,2667,1,
946684805,5142,2657,1,
946684805,5148,2639,1,
946684805,5153,2641,1,
946684805,5158,2637,1,
946684805,5163,2636,1,
946684805,5169,2652,1,
946684805,5175,2654,1,
946684805,5180,2666,1,
946684805,5185,2685,1,
946684805,5190,2687,1,
946684805,5195,2693,1,
946684805,5201,2694,1,
946684805,5206,2684,1,
946684805,5212,2694,1,
946684805,5217,2691,1,
946684805,5223,2678,1,
946684806,5228,2692,1,
946684806,5233,2686,1,
946684806,5239,2677,1,
946684806,5244,2683,1,
946684806,5249,2676,1,
946684806,5255,2678,1,
946684806,5260,2687,1,
946684806,5266,2686,1,
946684806,5271,2700,1,
946684806,5276,2716,1,
946684806,5281,2722,1,
946684806,5286,2743,1,
946684806,5293,2750,1,
946684806,5298,2747,1,
946684806,5303,2754,1,
946684806,5308,2743,1,
946684806,5313,2731,1,
946684806,5319,2732,1,
946684806,5324,2713,1,
946684806,5329,2707,1,
946684806,5336,2678,1,
946684806,5343,2679,1,
946684806,5348,2655,1,
946684806,5353,2647,1,
946684806,5358,2629,1,
946684806,5363,2606,1,
946684806,5369,2599,1,
946684806,5374,2580,1,
946684806,5380,2571,1,
946684806,5385,2572,1,
946684806,5390,2565,1,
946684806,5396,2578,1,
946684806,5401,2593,1,
946684806,5406,2603,1,
946684806,5411,2637,1,
946684806,5416,2660,1,
946684806,5423,2680,1,
946684806,5428,2709,1,
946684806,5433,2717,1,
946684806,5438,2720,1,
946684806,5443,2723,1,
946684806,5449,2704,1,
946684806,5455,2693,1,
946684806,5460,2692,1,
946684806,5466,2678,1,
946684806,5471,2679,1,
946684806,5476,2680,1,
946684806,5482,2670,1,
946684806,5487,2679,1,
946684806,5492,2678,1,
946684806,5497,2672,1,
946684806,5502,2684,1,
946684806,5509,2680,1,
946684806,5514,2680,1,
946684806,5519,2686,1,
946684806,5524,2678,1,
946684806,5529,2676,1,
946684806,5535,2676,1,
946684806,5540,2665,1,
946684806,5545,2669,1,
946684806,5551,2667,1,
946684806,5556,2657,1,
946684806,5562,2664,1,
946684806,5567,2637,1,
946684806,5573,2649,1,
946684806,5578,2656,1,
946684806,5583,2650,1,
946684806,5588,2643,1,
946684806,5594,2650,1,
946684806,5600,2642,1,
946684806,5605,2642,1,
946684806,5610,2646,1,
946684806,5615,2636,1,
946684806,5620,2641,1,
946684806,5626,2644,1,
946684806,5631,2635,1,
946684806,5637,2646,1,
946684806,5642,2645,1,
946684806,5647,2641,1,
946684806,5653,2650,1,
946684806,5658,2648,1,
946684806,5663,2648,1,
946684806,5668,2659,1,
946684806,5673,2652,1,
946684806,5680,2644,1,
946684806,5686,2665,1,
946684806,5691,2661,1,
946684806,5696,2665,1,
946684806,5701,2671,1,
946684806,5706,2665,1,
946684806,5711,2673,1,
946684806,5717,2674,1,
946684806,5723,2666,1,
946684806,5728,2676,1,
946684806,5733,2673,1,
946684806,5738,2670,1,
946684806,5744,2676,1,
946684806,5749,2668,1,
946684806,5754,2668,1,
946684806,5759,2672,1,
946684806,5765,2661,1,
946684806,5771,2666,1,
946684806,5776,2667,1,
946684806,5781,2659,1,
946684806,5786,2667,1,
946684806,5792,2666,1,
946684806,5797,2645,1,
946684806,5803,2668,1,
946684806,5809,2664,1,
946684806,5814,2658,1,
946684806,5819,2665,1,
946684806,5824,2658,1,
946684806,5830,2653,1,
946684806,5835,2657,1,
946684806,5840,2648,1,
946684806,5845,2648,1,
946684806,5851,2652,1,
946684806,5857,2639,1,
946684806,5862,2647,1,
946684806,5867,2644,1,
946684806,5872,2636,1,
946684800,6,1912,0,19.00
946684800,13,2026,0,
946684800,18,1974,0,
946684800,23,1838,0,
946684800,28,1978,0,
946684800,35,1992,0,
946684800,41,1832,0,
946684800,46,1984,0,
946684800,51,1999,0,
946684800,56,1859,0,
946684800,61,1940,0,
946684800,67,2004,0,
946684800,72,1890,0,
946684800,78,1915,0,
946684800,83,1999,0,
946684800,89,1896,0,
946684800,94,1883,0,
946684800,99,2006,0,
946684800,104,1907,0,
946684800,109,1834,0,
946684800,115,2056,0,
946684800,121,1918,0,
946684800,126,1802,0,
946684800,132,2076,0,
946684800,137,1931,0,
946684800,142,1780,0,
946684800,147,2084,0,
946684800,153,1948,0,
946684800,158,1775,0,
946684800,165,2082,0,
946684800,170,1947,0,
946684800,176,1797,0,
946684800,181,2090,0,
946684800,186,1961,0,
946684800,191,1780,0,
946684800,197,2090,0,
946684800,202,1972,0,
946684800,208,1767,0,
946684800,214,2077,0,
946684800,219,1976,0,
946684800,224,1802,0,
946684800,229,2062,0,
946684800,235,1995,0,
946684800,240,1826,0,
946684800,245,2030,0,
946684800,252,2042,0,
946684801,257,1881,0,
946684801,262,2011,0,
946684801,267,2033,0,
946684801,273,1890,0,
946684801,278,1977,0,
946684801,284,2028,0,
946684801,290,1871,0,
946684801,296,2005,0,
946684801,301,2039,0,
946684801,306,1895,0,
946684801,312,1972,0,
946684801,317,2048,0,
946684801,322,1917,0,
946684801,327,1939,0,
946684801,334,2056,0,
946684801,339,1936,0,
946684801,344,1931,0,
946684801,350,2064,0,
946684801,355,1947,0,
946684801,360,1921,0,
946684801,365,2071,0,
946684801,371,1960,0,
946684801,377,1906,0,
946684801,382,2080,0,
946684801,388,1967,0,
946684801,393,1877,0,
946684801,398,2103,0,
946684801,404,1980,0,
946684801,409,1908,0,
946684801,415,2082,0,
946684801,421,1968,0,
946684801,426,1862,0,
946684801,432,2096,0,
946684801,437,1976,0,
946684801,442,1830,0,
946684801,447,2112,0,
946684801,453,1982,0,
946684801,458,1813,0,
946684801,464,2097,0,
946684801,470,1992,0,
946684801,475,1810,0,
946684801,480,2084,0,
946684801,485,1995,0,
946684801,491,1834,0,
946684801,496,2057,0,
946684801,501,2003,0,
946684801,508,1856,0,
946684801,513,2046,0,
946684801,518,2011,0,
946684801,523,1886,0,
946684801,529,2055,0,
946684801,535,2011,0,
946684801,540,1863,0,
946684801,546,2046,0,
946684801,553,2031,1,
946684801,558,1859,1,
946684801,564,2130,1,
946684801,569,2035,1,
946684801,574,1862,1,
946684801,580,2120,1,
946684801,585,2040,1,
946684801,591,1889,1,
946684801,596,2100,1,
946684801,602,2051,1,
946684801,607,1904,1,
946684801,612,2085,1,
946684801,618,2057,1,
946684801,623,1927,1,
946684801,628,2057,1,
946684801,635,2066,1,
946684801,640,1939,1,
946684801,645,2025,1,
946684801,651,2053,1,
946684801,656,1930,1,
946684801,662,2053,1,
946684801,667,2064,1,
946684801,672,1940,1,
946684801,679,2031,1,
946684801,684,2065,1,
946684801,689,1958,1,
946684801,695,2005,1,
946684801,700,2068,1,
946684801,705,1968,1,
946684801,710,1988,1,
946684801,717,2060,1,
946684801,722,1972,1,
946684801,727,1979,1,
946684801,733,2074,1,
946684801,738,1984,1,
946684801,743,1959,1,
946684801,749,2082,1,
946684801,754,1988,1,
946684801,760,1934,1,
946684801,765,2113,1,
946684801,771,1978,1,
946684801,777,1957,1,
946684801,782,2088,1,
946684801,787,1991,1,
946684801,793,1925,1,
946684801,798,2131,1,
946684801,804,2006,1,
946684801,810,1886,1,
946684801,815,2154,1,
946684801,820,2020,1,
946684801,825,1853,1,
946684801,831,2174,1,
946684801,836,2038,1,
946684801,841,1854,1,
946684801,848,2181,1,
946684801,853,2049,1,
946684801,858,1856,1,
946684801,864,2161,1,
946684801,869,2064,1,
946684801,874,1874,1,
946684801,879,2150,1,
946684801,885,2073,1,
946684801,892,1909,1,
946684801,897,2182,1,
946684801,902,2076,1,
946684801,908,1847,1,
946684801,913,2139,1,
946684801,918,2048,1,
946684801,924,1833,1,
946684801,930,2064,1,
946684801,935,1996,1,
946684801,940,1788,1,
946684801,946,1979,1,
946684801,951,1943,1,
946684801,956,1754,1,
946684801,962,1883,1,
946684801,967,1896,1,
946684801,973,1716,1,
946684801,979,1812,1,
946684801,984,1863,1,
946684801,989,1719,1,
946684801,995,1768,1,
946684801,1000,1863,1,
946684801,1005,1736,1,
946684801,1011,1770,1,
946684801,1018,1885,1,
946684801,1023,1748,1,
946684801,1028,1872,1,
946684801,1034,1961,1,
946684801,1039,1842,1,
946684801,1044,1947,1,
946684801,1050,2054,1,
946684801,1055,1946,1,
946684801,1062,2018,1,
946684801,1067,2148,1,
946684801,1072,2019,1,
946684801,1078,2076,1,
946684801,1083,2201,1,
946684801,1088,2072,1,
946684801,1094,2108,1,
946684801,1102,2201,1,
946684801,1107,2005,1,
946684801,1112,2237,1,
946684801,1118,2206,1,
946684801,1123,2013,1,
946684801,1129,2205,1,
946684801,1135,2169,1,
946684801,1140,1942,1,
946684801,1146,2235,1,
946684801,1152,2160,1,
946684801,1157,1937,1,
946684801,1163,2207,1,
946684801,1168,2151,1,
946684801,1173,1935,1,
946684801,1179,2188,1,
946684801,1184,2152,1,
946684801,1190,1948,1,
946684801,1196,2177,1,
946684801,1201,2166,1,
946684801,1206,1980,1,
946684801,1212,2176,1,
946684801,1217,2180,1,
946684801,1223,1999,1,
946684801,1229,2182,1,
946684801,1234,2205,1,
946684801,1240,2023,1,
946684801,1245,2179,1,
946684801,1251,2227,1,
946684802,1257,1994,1,
946684802,1262,2237,1,
946684802,1267,2201,1,
946684802,1274,2005,1,
946684802,1279,2213,1,
946684802,1284,2185,1,
946684802,1290,1997,1,
946684802,1295,2168,1,
946684802,1301,2147,1,
946684802,1306,1967,1,
946684802,1311,2099,1,
946684802,1318,2097,1,
946684802,1323,1915,1,
946684802,1328,2024,1,
946684802,1334,2043,1,
946684802,1339,1863,1,
946684802,1344,1947,1,
946684802,1350,1985,1,
946684802,1356,1802,1,
946684802,1362,1863,1,
946684802,1368,1891,1,
946684802,1373,1866,1,
946684802,1378,1977,1,
946684802,1384,2009,1,
946684802,1389,1860,1,
946684802,1395,1962,1,
946684802,1401,2019,1,
946684802,1406,1814,1,
946684802,1412,1968,1,
946684802,1417,2020,1,
946684802,1422,1844,1,
946684802,1428,1942,1,
946684802,1433,2019,1,
946684802,1438,1860,1,
946684802,1445,1932,1,
946684802,1450,2023,1,
946684802,1456,1874,1,
946684802,1461,1927,1,
946684802,1466,2046,1,
946684802,1472,1891,1,
946684802,1477,1901,1,
946684802,1482,2050,1,
946684802,1490,1850,1,
946684802,1495,1967,1,
946684802,1500,2059,1,
946684802,1506,1884,1,
946684802,1511,1974,1,
946684802,1516,2080,1,
946684802,1522,1910,1,
946684802,1528,1975,1,
946684802,1534,2096,1,
946684802,1539,1951,1,
946684802,1544,1996,1,
946684802,1550,2122,1,
946684802,1555,1976,1,
946684802,1560,2008,1,
946684802,1566,2138,1,
946684802,1572,1995,1,
946684802,1577,2008,1,
946684802,1583,2125,1,
946684802,1588,2020,1,
946684802,1594,2008,1,
946684802,1599,2128,1,
946684802,1623,2008,1,
946684802,1628,2088,1,
946684802,1634,2113,1,
946684802,1639,1939,1,
946684802,1644,2072,1,
946684802,1650,2119,1,
946684802,1656,1944,1,
946684802,1662,2046,1,
946684802,1667,2119,1,
946684802,1674,1863,1,
946684802,1679,2143,1,
946684802,1684,2082,1,
946684802,1690,1883,1,
946684802,1695,2127,1,
946684802,1701,2079,1,
946684802,1707,1901,1,
946684802,1712,2125,1,
946684802,1718,2077,1,
946684802,1723,1913,1,
946684802,1728,2101,1,
946684802,1734,2075,1,
946684802,1741,1932,1,
946684802,1746,2128,1,
946684802,1751,2063,1,
946684802,1757,1902,1,
946684802,1762,2111,1,
946684802,1768,2061,1,
946684802,1773,1909,1,
946684802,1778,2096,1,
946684802,1785,2057,1,
946684802,1790,1916,1,
946684802,1795,2080,1,
946684802,1801,2058,1,
946684802,1806,1922,1,
946684802,1812,2063,1,
946684802,1817,2056,1,
946684802,1822,1929,1,
946684802,1829,2046,1,
946684802,1834,2056,1,
946684802,1839,1929,1,
946684802,1845,2038,1,
946684802,1850,2059,1,
946684802,1855,1928,1,
946684802,1862,2074,1,
946684802,1868,2047,1,
946684802,1873,1910,1,
946684802,1879,2071,1,
946684802,1884,2048,1,
946684802,1889,1919,1,
946684802,1895,2055,1,
946684802,1900,2049,1,
946684802,1906,1925,1,
946684802,1912,2048,1,
946684802,1917,2052,1,
946684802,1923,1932,1,
946684802,1928,2033,1,
946684802,1933,2058,1,
946684802,1939,1935,1,
946684802,1944,2027,1,
946684802,1950,2058,1,
946684802,1956,1945,1,
946684802,1961,2013,1,
946684802,1967,2054,1,
946684802,1972,1956,1,
946684802,1978,2002,1,
946684802,1983,2048,1,
946684802,1989,1931,1,
946684802,1994,2034,1,
946684802,2001,2055,1,
946684802,2006,1932,1,
946684802,2011,2031,1,
946684802,2017,2059,1,
946684802,2022,1938,1,
946684802,2027,2023,1,
946684802,2033,2058,1,
946684802,2039,1951,1,
946684802,2045,2011,1,
946684802,2050,2059,1,
946684802,2055,1961,1,
946684802,2061,1999,1,
946684802,2066,2059,1,
946684802,2071,1966,1,
946684802,2077,1996,1,
946684802,2083,2062,1,
946684802,2089,1967,1,
946684802,2095,1991,1,
946684802,2100,2058,1,
946684802,2105,1946,1,
946684802,2111,2021,1,
946684802,2116,2057,1,
946684802,2121,1958,1,
946684802,2128,2006,1,
946684802,2133,2055,1,
946684802,2139,1968,1,
946684802,2144,2002,1,
946684802,2149,2058,1,
946684802,2155,1965,1,
946684802,2160,1997,1,
946684802,2165,2058,1,
946684802,2172,1972,1,
946684802,2177,1994,1,
946684802,2183,2054,1,
946684802,2188,1978,1,
946684802,2193,1990,1,
946684802,2199,2052,1,
946684802,2204,1983,1,
946684802,2210,1985,1,
946684802,2216,2054,1,
946684802,2222,1971,1,
946684802,2229,2079,1,
946684802,2234,2040,1,
946684802,2239,1913,1,
946684802,2245,2071,1,
946684802,2250,2042,1,
946684803,2257,1927,1,
946684803,2262,2060,1,
946684803,2267,2048,1,
946684803,2273,1936,1,
946684803,2278,2054,1,
946684803,2283,2051,1,
946684803,2289,1941,1,
946684803,2295,2042,1,
946684803,2301,2052,1,
946684803,2306,1946,1,
946684803,2311,2034,1,
946684803,2317,2056,1,
946684803,2322,1950,1,
946684803,2327,2026,1,
946684803,2333,2059,1,
946684803,2340,1930,1,
946684803,2345,2057,1,
946684803,2351,2049,1,
946684803,2356,1941,1,
946684803,2361,2051,1,
946684803,2367,2049,1,
946684803,2372,1944,1,
946684803,2377,2041,1,
946684803,2384,2052,1,
946684803,2389,1950,1,
946684803,2395,2030,1,
946684803,2400,2056,1,
946684803,2405,1955,1,
946684803,2411,2022,1,
946684803,2416,2058,1,
946684803,2421,1964,1,
946684803,2428,2013,1,
946684803,2433,2056,1,
946684803,2439,1975,1,
946684803,2444,2003,1,
946684803,2450,2057,1,
946684803,2455,1953,1,
946684803,2461,2033,1,
946684803,2467,2058,1,
946684803,2472,1956,1,
946684803,2478,2025,1,
946684803,2483,2057,1,
946684803,2489,1964,1,
946684803,2494,2018,1,
946684803,2499,2058,1,
946684803,2505,1972,1,
946684803,2511,2012,1,
946684803,2516,2055,1,
946684803,2522,1974,1,
946684803,2527,2002,1,
946684803,2533,2062,1,
946684803,2538,1977,1,
946684803,2543,1998,1,
946684803,2549,2059,1,
946684803,2555,1980,1,
946684803,2560,1996,1,
946684803,2566,2055,1,
946684803,2572,1966,1,
946684803,2577,2011,1,
946684803,2583,2059,1,
946684803,2588,1975,1,
946684803,2594,2007,1,
946684803,2600,2060,1,
946684803,2605,1978,1,
946684803,2610,2000,1,
946684803,2616,2059,1,
946684803,2621,1980,1,
946684803,2627,1995,1,
946684803,2632,2060,1,
946684803,2638,1984,1,
946684803,2644,1990,1,
946684803,2649,2057,1,
946684803,2654,1985,1,
946684803,2660,1989,1,
946684803,2665,2059,1,
946684803,2671,1990,1,
946684803,2676,1987,1,
946684803,2682,2063,1,
946684803,2688,1993,1,
946684803,2694,1998,1,
946684803,2699,2060,1,
946684803,2704,1980,1,
946684803,2710,1995,1,
946684803,2715,2057,1,
946684803,2722,1987,1,
946684803,2727,1990,1,
946684803,2732,2056,1,
946684803,2738,1987,1,
946684803,2743,1985,1,
946684803,2748,2057,1,
946684803,2754,1990,1,
946684803,2759,1985,1,
946684803,2766,2064,1,
946684803,2771,1995,1,
946684803,2776,1979,1,
946684803,2783,2060,1,
946684803,2789,1961,1,
946684803,2794,2021,1,
946684803,2799,2059,1,
946684803,2805,1969,1,
946684803,2812,2051,1,
946684803,2817,2052,1,
946684803,2823,1949,1,
946684803,2828,2039,1,
946684803,2833,2054,1,
946684803,2839,1954,1,
946684803,2844,2038,1,
946684803,2850,2060,1,
946684803,2856,1955,1,
946684803,2861,2026,1,
946684803,2866,2058,1,
946684803,2872,1966,1,
946684803,2877,2015,1,
946684803,2883,2059,1,
946684803,2888,1972,1,
946684803,2894,2012,1,
946684803,2900,2061,1,
946684803,2905,1977,1,
946684803,2910,2001,1,
946684803,2916,2059,1,
946684803,2921,1978,1,
946684803,2927,2027,1,
946684803,2933,2058,1,
946684803,2939,1961,1,
946684803,2944,2021,1,
946684803,2950,2058,1,
946684803,2955,1970,1,
946684803,2961,2011,1,
946684803,2966,2057,1,
946684803,2971,1975,1,
946684803,2978,2008,1,
946684803,2983,2060,1,
946684803,2988,1978,1,
946684803,2994,1999,1,
946684803,2999,2060,1,
946684803,3004,1979,1,
946684803,3010,1998,1,
946684803,3015,2058,1,
946684803,3022,1983,1,
946684803,3027,1994,1,
946684803,3032,2057,1,
946684803,3038,1986,1,
946684803,3044,1987,1,
946684803,3049,2056,1,
946684803,3055,1979,1,
946684803,3060,2001,1,
946684803,3066,2061,1,
946684803,3072,1977,1,
946684803,3077,1996,1,
946684803,3082,2058,1,
946684803,3088,1983,1,
946684803,3093,1993,1,
946684803,3099,2059,1,
946684803,3104,1988,1,
946684803,3110,1991,1,
946684803,3116,2053,1,
946684803,3121,1987,1,
946684803,3126,1985,1,
946684803,3132,2060,1,
946684803,3137,1992,1,
946684803,3142,1979,1,
946684803,3149,2064,1,
946684803,3154,1995,1,
946684803,3160,1978,1,
946684803,3166,2060,1,
946684803,3171,1983,1,
946684803,3176,1993,1,
946684803,3182,2060,1,
946684803,3187,1985,1,
946684803,3194,1990,1,
946684803,3199,2057,1,
946684803,3204,1990,1,
946684803,3210,1985,1,
946684803,3215,2060,1,
946684803,3220,1990,1,
946684803,3226,1983,1,
946684803,3231,2061,1,
946684803,3238,1996,1,
946684803,3243,1978,1,
946684803,3248,2065,1,
946684803,3254,2002,1,
946684804,3259,1977,1,
946684804,3264,2068,1,
946684804,3270,2001,1,
946684804,3276,1965,1,
946684804,3282,2058,1,
946684804,3288,1986,1,
946684804,3293,1985,1,
946684804,3298,2063,1,
946684804,3304,1991,1,
946684804,3309,1979,1,
946684804,3314,2067,1,
946684804,3321,1996,1,
946684804,3326,1980,1,
946684804,3332,2070,1,
946684804,3338,1962,1,
946684804,3344,2021,1,
946684804,3349,2061,1,
946684804,3355,1971,1,
946684804,3360,2012,1,
946684804,3366,2060,1,
946684804,3372,1975,1,
946684804,3377,2003,1,
946684804,3382,2062,1,
946684804,3388,1977,1,
946684804,3393,1996,1,
946684804,3399,2058,1,
946684804,3406,1958,1,
946684804,3411,2026,1,
946684804,3416,2061,1,
946684804,3422,1965,1,
946684804,3427,2018,1,
946684804,3432,2061,1,
946684804,3438,1971,1,
946684804,3443,2006,1,
946684804,3450,2065,1,
946684804,3455,1974,1,
946684804,3460,2003,1,
946684804,3466,2062,1,
946684804,3471,1977,1,
946684804,3476,1995,1,
946684804,3482,2061,1,
946684804,3487,1981,1,
946684804,3494,1993,1,
946684804,3499,2059,1,
946684804,3504,1985,1,
946684804,3510,1991,1,
946684804,3516,2059,1,
946684804,3521,1972,1,
946684804,3526,2005,1,
946684804,3533,2062,1,
946684804,3538,1977,1,
946684804,3544,2003,1,
946684804,3549,2060,1,
946684804,3554,1981,1,
946684804,3560,1994,1,
946684804,3565,2058,1,
946684804,3570,1985,1,
946684804,3577,1992,1,
946684804,3582,2059,1,
946684804,3588,1985,1,
946684804,3593,1987,1,
946684804,3598,2060,1,
946684804,3604,1988,1,
946684804,3609,1984,1,
946684804,3614,2062,1,
946684804,3621,1993,1,
946684804,3626,1983,1,
946684804,3632,2067,1,
946684804,3638,1979,1,
946684804,3643,1995,1,
946684804,3648,2056,1,
946684804,3654,1983,1,
946684804,3660,1989,1,
946684804,3665,2055,1,
946684804,3671,1989,1,
946684804,3676,1987,1,
946684804,3682,2058,1,
946684804,3687,1992,1,
946684804,3692,1983,1,
946684804,3698,2064,1,
946684804,3704,1997,1,
946684804,3709,1979,1,
946684804,3715,2068,1,
946684804,3720,1998,1,
946684804,3726,1978,1,
946684804,3731,2068,1,
946684804,3736,2003,1,
946684804,3742,1967,1,
946684804,3748,2079,1,
946684804,3754,2004,1,
946684804,3760,1984,1,
946684804,3765,2064,1,
946684804,3770,1992,1,
946684804,3776,1980,1,
946684804,3781,2065,1,
946684804,3786,2000,1,
946684804,3793,1980,1,
946684804,3798,2066,1,
946684804,3803,2002,1,
946684804,3809,1973,1,
946684804,3814,2072,1,
946684804,3820,2007,1,
946684804,3825,1962,1,
946684804,3831,2081,1,
946684804,3837,2008,1,
946684804,3842,1951,1,
946684804,3847,2094,1,
946684804,3853,2011,1,
946684804,3858,1938,1,
946684804,3864,2103,1,
946684804,3870,2019,1,
946684804,3876,1976,1,
946684804,3881,2074,1,
946684804,3887,2005,1,
946684804,3894,2012,1,
946684804,3899,2060,1,
946684804,3904,1974,1,
946684804,3910,2007,1,
946684804,3916,2064,1,
946684804,3921,1979,1,
946684804,3927,1998,1,
946684804,3932,2060,1,
946684804,3938,1986,1,
946684804,3943,1995,1,
946684804,3948,2061,1,
946684804,3954,1988,1,
946684804,3960,1993,1,
946684804,3965,2055,1,
946684804,3971,1990,1,
946684804,3976,1989,1,
946684804,3982,2061,1,
946684804,3987,1990,1,
946684804,3993,2002,1,
946684804,3998,2058,1,
946684804,4005,1982,1,
946684804,4010,1997,1,
946684804,4016,2057,1,
946684804,4021,1987,1,
946684804,4026,1995,1,
946684804,4032,2057,1,
946684804,4037,1990,1,
946684804,4042,1988,1,
946684804,4049,2062,1,
946684804,4054,1990,1,
946684804,4059,1984,1,
946684804,4065,2065,1,
946684804,4070,1992,1,
946684804,4076,1982,1,
946684804,4081,2065,1,
946684804,4087,2000,1,
946684804,4093,1974,1,
946684804,4098,2069,1,
946684804,4103,2001,1,
946684804,4110,1968,1,
946684804,4115,2055,1,
946684804,4120,1988,1,
946684804,4126,1986,1,
946684804,4132,2060,1,
946684804,4137,1992,1,
946684804,4143,1980,1,
946684804,4148,2065,1,
946684804,4154,1996,1,
946684804,4159,1979,1,
946684804,4164,2067,1,
946684804,4170,2000,1,
946684804,4176,1972,1,
946684804,4181,2072,1,
946684804,4187,2003,1,
946684804,4192,1961,1,
946684804,4197,2079,1,
946684804,4203,2003,1,
946684804,4208,1953,1,
946684804,4215,2088,1,
946684804,4220,2010,1,
946684804,4226,1947,1,
946684804,4231,2064,1,
946684804,4237,1997,1,
946684804,4242,1975,1,
946684804,4248,2068,1,
946684804,4253,1999,1,
946684805,4259,1967,1,
946684805,4265,2075,1,
946684805,4270,2007,1,
946684805,4275,1954,1,
946684805,4281,2084,1,
946684805,4286,2010,1,
946684805,4292,1945,1,
946684805,4297,2094,1,
946684805,4303,2013,1,
946684805,4309,1936,1,
946684805,4314,2103,1,
946684805,4319,2017,1,
946684805,4325,1926,1,
946684805,4330,2107,1,
946684805,4335,2019,1,
946684805,4341,1914,1,
946684805,4348,2073,1,
946684805,4353,2006,1,
946684805,4359,1952,1,
946684805,4364,2087,1,
946684805,4369,2012,1,
946684805,4375,1939,1,
946684805,4380,2096,1,
946684805,4387,2012,1,
946684805,4392,1929,1,
946684805,4397,2104,1,
946684805,4403,2018,1,
946684805,4408,1910,1,
946684805,4413,2113,1,
946684805,4419,2020,1,
946684805,4424,1900,1,
946684805,4430,2119,1,
946684805,4436,2026,1,
946684805,4441,1901,1,
946684805,4448,2062,1,
946684805,4453,1992,1,
946684805,4459,1977,1,
946684805,4465,2067,1,
946684805,4471,1984,1,
946684805,4477,1993,1,
946684805,4482,2056,1,
946684805,4487,1986,1,
946684805,4493,1988,1,
946684805,4498,2056,1,
946684805,4504,1988,1,
946684805,4509,1981,1,
946684805,4515,2061,1,
946684805,4521,1992,1,
946684805,4526,1979,1,
946684805,4531,2062,1,
946684805,4537,1999,1,
946684805,4542,1977,1,
946684805,4548,2065,1,
946684805,4553,2000,1,
946684805,4559,1968,1,
946684805,4565,2069,1,
946684805,4570,2002,1,
946684805,4575,1957,1,
946684805,4581,2076,1,
946684805,4587,1990,1,
946684805,4592,1984,1,
946684805,4599,2061,1,
946684805,4604,1994,1,
946684805,4609,1978,1,
946684805,4615,2063,1,
946684805,4620,1996,1,
946684805,4625,1973,1,
946684805,4631,2065,1,
946684805,4636,2001,1,
946684805,4643,1967,1,
946684805,4648,2073,1,
946684805,4653,2001,1,
946684805,4659,1955,1,
946684805,4664,2081,1,
946684805,4669,2008,1,
946684805,4675,1944,1,
946684805,4680,2090,1,
946684805,4687,2008,1,
946684805,4692,1939,1,
946684805,4697,2097,1,
946684805,4703,1999,1,
946684805,4709,1974,1,
946684805,4714,2066,1,
946684805,4719,1999,1,
946684805,4725,1965,1,
946684805,4731,2068,1,
946684805,4737,2005,1,
946684805,4742,1960,1,
946684805,4747,2075,1,
946684805,4753,2006,1,
946684805,4758,1950,1,
946684805,4763,2084,1,
946684805,4770,2010,1,
946684805,4775,1942,1,
946684805,4781,2093,1,
946684805,4786,2013,1,
946684805,4791,1930,1,
946684805,4797,2098,1,
946684805,4802,2016,1,
946684805,4807,1919,1,
946684805,4814,2105,1,
946684805,4820,2018,1,
946684805,4825,1955,1,
946684805,4831,2078,1,
946684805,4836,2006,1,
946684805,4841,1947,1,
946684805,4847,2087,1,
946684805,4852,2009,1,
946684805,4858,1937,1,
946684805,4864,2095,1,
946684805,4869,2013,1,
946684805,4875,1924,1,
946684805,4880,2101,1,
946684805,4885,2018,1,
946684805,4891,1909,1,
946684805,4896,2107,1,
946684805,4902,2021,1,
946684805,4908,1903,1,
946684805,4913,2114,1,
946684805,4919,2024,1,
946684805,4924,1905,1,
946684805,4929,2113,1,
946684805,4935,2025,1,
946684805,4942,1930,1,
946684805,4947,2098,1,
946684805,4952,2017,1,
946684805,4958,1919,1,
946684805,4963,2104,1,
946684805,4969,2020,1,
946684805,4974,1906,1,
946684805,4979,2110,1,
946684805,4986,2021,1,
946684805,4991,1903,1,
946684805,4996,2113,1,
946684805,5003,1993,1,
946684805,5009,1979,1,
946684805,5014,2061,1,
946684805,5019,1996,1,
946684805,5026,1975,1,
946684805,5031,2064,1,
946684805,5037,2001,1,
946684805,5042,1969,1,
946684805,5047,2072,1,
946684805,5053,2004,1,
946684805,5059,1982,1,
946684805,5064,2058,1,
946684805,5070,1990,1,
946684805,5076,1978,1,
946684805,5081,2061,1,
946684805,5087,1998,1,
946684805,5092,1977,1,
946684805,5097,2063,1,
946684805,5103,1998,1,
946684805,5108,1975,1,
946684805,5114,2064,1,
946684805,5120,2000,1,
946684805,5125,1962,1,
946684805,5131,2075,1,
946684805,5136,2003,1,
946684805,5141,1952,1,
946684805,5147,2080,1,
946684805,5152,2008,1,
946684805,5158,1946,1,
946684805,5164,2093,1,
946684805,5169,2013,1,
946684805,5175,1937,1,
946684805,5181,2061,1,
946684805,5186,2002,1,
946684805,5191,1971,1,
946684805,5198,2066,1,
946684805,5203,2002,1,
946684805,5208,1962,1,
946684805,5214,2074,1,
946684805,5219,2005,1,
946684805,5225,1954,1,
946684805,5230,2080,1,
946684805,5235,2010,1,
946684805,5242,1951,1,
946684805,5247,2084,1,
946684805,5252,2013,1,
946684806,5258,1941,1,
946684806,5263,2088,1,
946684806,5269,2019,1,
946684806,5274,1936,1,
946684806,5279,2092,1,
946684806,5286,2020,1,
946684806,5292,1926,1,
946684806,5297,2067,1,
946684806,5303,2008,1,
946684806,5308,1958,1,
946684806,5313,2077,1,
946684806,5319,2012,1,
946684806,5325,1953,1,
946684806,5330,2080,1,
946684806,5336,2016,1,
946684806,5341,1946,1,
946684806,5346,2086,1,
946684806,5352,2020,1,
946684806,5357,1936,1,
946684806,5363,2089,1,
946684806,5369,2020,1,
946684806,5374,1928,1,
946684806,5380,2094,1,
946684806,5385,2024,1,
946684806,5390,1926,1,
946684806,5396,2096,1,
946684806,5401,2025,1,
946684806,5407,1925,1,
946684806,5414,2079,1,
946684806,5419,2015,1,
946684806,5424,1949,1,
946684806,5430,2084,1,
946684806,5435,2020,1,
946684806,5441,1936,1,
946684806,5446,2090,1,
946684806,5452,2021,1,
946684806,5458,1927,1,
946684806,5463,2097,1,
946684806,5468,2026,1,
946684806,5474,1924,1,
946684806,5479,2096,1,
946684806,5485,2028,1,
946684806,5490,1925,1,
946684806,5496,2095,1,
946684806,5502,2030,1,
946684806,5507,1921,1,
946684806,5512,2092,1,
946684806,5518,2031,1,
946684806,5523,1921,1,
946684806,5529,2088,1,
946684806,5535,2025,1,
946684806,5541,1930,1,
946684806,5546,2091,1,
946684806,5552,2027,1,
946684806,5559,1990,1,
946684806,5564,2053,1,
946684806,5569,2004,1,
946684806,5575,1987,1,
946684806,5581,2054,1,
946684806,5586,2007,1,
946684806,5592,1984,1,
946684806,5597,2057,1,
946684806,5603,2009,1,
946684806,5608,1973,1,
946684806,5613,2064,1,
946684806,5619,2011,1,
946684806,5625,1964,1,
946684806,5630,2074,1,
946684806,5636,2017,1,
946684806,5641,1960,1,
946684806,5647,2078,1,
946684806,5653,2003,1,
946684806,5658,1987,1,
946684806,5663,2057,1,
946684806,5670,2009,1,
946684806,5675,1978,1,
946684806,5680,2063,1,
946684806,5686,2009,1,
946684806,5691,1969,1,
946684806,5697,2072,1,
946684806,5702,2013,1,
946684806,5708,1961,1,
946684806,5714,2083,1,
946684806,5719,2017,1,
946684806,5724,1953,1,
946684806,5730,2090,1,
946684806,5735,2021,1,
946684806,5741,1941,1,
946684806,5746,2099,1,
946684806,5752,2024,1,
946684806,5758,1927,1,
946684806,5763,2104,1,
946684806,5769,2009,1,
946684806,5774,1961,1,
946684806,5780,2083,1,
946684806,5785,2016,1,
946684806,5791,1956,1,
946684806,5797,2090,1,
946684806,5802,2022,1,
946684806,5808,1947,1,
946684806,5813,2098,1,
946684806,5818,2022,1,
946684806,5824,1929,1,
946684806,5829,2107,1,
946684806,5836,2028,1,
946684806,5841,1920,1,
946684806,5846,2112,1,
946684806,5852,2029,1,
946684806,5857,1920,1,
946684806,5862,2113,1,
946684806,5868,2032,1,
946684806,5873,1915,1,
946684806,5880,2111,1,
946684806,5886,2036,1,
946684806,5891,1933,1,
946684806,5896,2107,1,
946684806,5902,2028,1,
946684806,5907,1923,1,
946684806,5912,2109,1,
946684806,5918,2030,1,
946684806,5924,1921,1,
946684806,5930,2116,1,
946684806,5935,2034,1,
946684806,5940,1919,1,
946684806,5946,2115,1,
946684806,5951,2034,1,
946684806,5956,1914,1,
946684806,5962,2115,1,
946684806,5968,2037,1,
946684806,5974,1913,1,
946684806,5979,2111,1,
946684806,5984,2041,1,
946684806,5990,1909,1,
946684806,5995,2104,1,
946684806,6001,2041,1,
946684806,6008,1920,1,
946684806,6013,2116,1,
946684806,6018,2035,1,
946684806,6024,1919,1,
946684806,6029,2116,1,
946684806,6034,2037,1,
946684806,6040,1914,1,
946684806,6045,2110,1,
946684806,6051,2038,1,
946684806,6057,1912,1,
946684806,6062,2106,1,
946684806,6068,2043,1,
946684806,6073,1914,1,
946684806,6078,2102,1,
946684806,6084,2040,1,
946684806,6089,1918,1,
946684806,6095,2097,1,
946684806,6101,2043,1,
946684806,6106,1915,1,
946684806,8,1922,0,19.00
946684806,14,2015,0,
946684806,21,1884,0,
946684806,26,2070,0,
946684806,32,2013,0,
946684806,37,1898,0,
946684806,42,2049,0,
946684806,47,2016,0,
946684806,52,1920,0,
946684806,59,2025,0,
946684806,64,2022,0,
946684806,69,1945,0,
946684806,74,2003,0,
946684806,80,2023,0,
946684806,85,1963,0,
946684806,90,1988,0,
946684806,95,2017,0,
946684806,101,1974,0,
946684806,107,1976,0,
946684806,112,2028,0,
946684806,117,1981,0,
946684806,123,1967,0,
946684806,128,2036,0,
946684806,133,1985,0,
946684807,138,1949,0,
946684807,145,2029,0,
946684807,151,1982,0,
946684807,156,1959,0,
946684807,161,2038,0,
946684807,167,1989,0,
946684807,172,1942,0,
946684807,177,2055,0,
946684807,182,1995,0,
946684807,189,1917,0,
946684807,194,2067,0,
946684807,199,2001,0,
946684807,205,1907,0,
946684807,210,2069,0,
946684807,215,2008,0,
946684807,220,1900,0,
946684807,226,2059,0,
946684807,232,2009,0,
946684807,237,1902,0,
946684807,243,2052,0,
946684807,248,2010,0,
946684807,253,1918,0,
946684807,258,2044,0,
946684807,264,2014,0,
946684807,270,1908,0,
946684807,276,2048,0,
946684807,281,2011,0,
946684807,287,1920,0,
946684807,292,2043,0,
946684807,297,2015,0,
946684807,302,1935,0,
946684807,308,2024,0,
946684807,313,2018,0,
946684807,319,1944,0,
946684807,325,2004,0,
946684807,330,2017,0,
946684807,335,1958,0,
946684807,340,1992,0,
946684807,346,2020,0,
946684807,351,1964,0,
946684807,357,1981,0,
946684807,363,2014,0,
946684807,368,1967,0,
946684807,373,1976,0,
946684807,378,2023,0,
946684807,384,1975,0,
946684807,390,1984,0,
946684807,395,2017,0,
946684807,401,1969,0,
946684807,407,1975,0,
946684807,412,2020,0,
946684807,417,1978,0,
946684807,422,1965,0,
946684807,428,2032,0,
946684807,433,1984,0,
946684807,438,1943,0,
946684807,445,2048,0,
946684807,450,1993,0,
946684807,455,1919,0,
946684807,460,2060,0,
946684807,466,1996,0,
946684807,471,1908,0,
946684807,476,2066,0,
946684807,482,2003,0,
946684807,488,1900,0,
946684807,493,2059,0,
946684807,498,2005,0,
946684807,504,1900,0,
946684807,510,2068,0,
946684807,515,2002,0,
946684807,520,1896,0,
946684807,526,2057,0,
946684807,532,2003,0,
946684807,537,1899,0,
946684807,542,2054,0,
946684807,548,2007,0,
946684807,554,1942,1,
946684807,560,2099,1,
946684807,565,2030,1,
946684807,571,1935,1,
946684807,577,2097,1,
946684807,582,2034,1,
946684807,587,1932,1,
946684807,593,2087,1,
946684807,598,2037,1,
946684807,603,1934,1,
946684807,608,2081,1,
946684807,615,2039,1,
946684807,620,1947,1,
946684807,625,2072,1,
946684807,631,2039,1,
946684807,637,1934,1,
946684807,642,2081,1,
946684807,647,2039,1,
946684807,653,1948,1,
946684807,659,2070,1,
946684807,664,2041,1,
946684807,669,1955,1,
946684807,675,2058,1,
946684807,680,2049,1,
946684807,685,1969,1,
946684807,691,2044,1,
946684807,696,2051,1,
946684807,702,1978,1,
946684807,708,2033,1,
946684807,713,2050,1,
946684807,718,1989,1,
946684807,723,2017,1,
946684807,729,2053,1,
946684807,734,1994,1,
946684807,739,2012,1,
946684807,746,2048,1,
946684807,752,1991,1,
946684807,757,2016,1,
946684807,762,2053,1,
946684807,768,1995,1,
946684807,773,2011,1,
946684807,778,2048,1,
946684807,784,2003,1,
946684807,790,2002,1,
946684807,795,2053,1,
946684807,800,2005,1,
946684807,806,2000,1,
946684807,811,2059,1,
946684807,816,2014,1,
946684807,822,1982,1,
946684807,828,2073,1,
946684807,833,2022,1,
946684807,838,1967,1,
946684807,844,2085,1,
946684807,849,2025,1,
946684807,854,1944,1,
946684807,860,2097,1,
946684807,865,2033,1,
946684807,872,1936,1,
946684807,877,2087,1,
946684807,883,2027,1,
946684807,888,1945,1,
946684807,893,2097,1,
946684807,898,2031,1,
946684807,904,1938,1,
946684807,909,2097,1,
946684807,915,2036,1,
946684807,921,1932,1,
946684807,926,2091,1,
946684807,931,2037,1,
946684807,937,1933,1,
946684807,942,2083,1,
946684807,947,2041,1,
946684807,952,1946,1,
946684807,959,2074,1,
946684807,964,2044,1,
946684807,969,1955,1,
946684807,975,2067,1,
946684807,980,2045,1,
946684807,985,1970,1,
946684807,991,2050,1,
946684807,998,2042,1,
946684807,1003,1956,1,
946684807,1008,2066,1,
946684807,1014,2046,1,
946684807,1019,1961,1,
946684807,1024,2061,1,
946684807,1030,2045,1,
946684807,1035,1969,1,
946684807,1041,2052,1,
946684807,1047,2049,1,
946684807,1052,1972,1,
946684807,1058,2046,1,
946684807,1063,2050,1,
946684807,1068,1976,1,
946684807,1074,2042,1,
946684807,1079,2051,1,
946684807,1085,1979,1,
946684807,1091,2038,1,
946684807,1096,2051,1,
946684807,1103,1943,1,
946684807,1108,2078,1,
946684807,1115,2036,1,
946684807,1120,1935,1,
946684807,1126,2090,1,
946684807,1132,2039,1,
946684808,1137,1937,1,
946684808,1142,2089,1,
946684808,1148,2039,1,
946684808,1153,1938,1,
946684808,1158,2088,1,
946684808,1164,2041,1,
946684808,1170,1940,1,
946684808,1176,2081,1,
946684808,1181,2041,1,
946684808,1186,1948,1,
946684808,1192,2077,1,
946684808,1197,2041,1,
946684808,1202,1952,1,
946684808,1208,2075,1,
946684808,1214,2041,1,
946684808,1220,1953,1,
946684808,1225,2071,1,
946684808,1231,2044,1,
946684808,1236,1934,1,
946684808,1242,2087,1,
946684808,1247,2040,1,
946684808,1254,1942,1,
946684808,1259,2081,1,
946684808,1264,2043,1,
946684808,1270,1949,1,
946684808,1275,2075,1,
946684808,1280,2045,1,
946684808,1286,1953,1,
946684808,1291,2078,1,
946684808,1297,2051,1,
946684808,1303,1948,1,
946684808,1308,2072,1,
946684808,1314,2051,1,
946684808,1319,1956,1,
946684808,1324,2065,1,
946684808,1330,2052,1,
946684808,1335,1963,1,
946684808,1341,2058,1,
946684808,1347,2054,1,
946684808,1353,1943,1,
946684808,1358,2078,1,
946684808,1364,2047,1,
946684808,1369,1946,1,
946684808,1374,2078,1,
946684808,1381,2052,1,
946684808,1386,1951,1,
946684808,1392,2070,1,
946684808,1397,2052,1,
946684808,1402,1959,1,
946684808,1408,2061,1,
946684808,1413,2052,1,
946684808,1418,1965,1,
946684808,1425,2056,1,
946684808,1430,2058,1,
946684808,1435,1970,1,
946684808,1441,2048,1,
946684808,1446,2060,1,
946684808,1452,1974,1,
946684808,1457,2043,1,
946684808,1462,2063,1,
946684808,1469,1953,1,
946684808,1475,2068,1,
946684808,1480,2054,1,
946684808,1486,1958,1,
946684808,1491,2063,1,
946684808,1496,2058,1,
946684808,1502,1958,1,
946684808,1507,2060,1,
946684808,1513,2061,1,
946684808,1519,1962,1,
946684808,1524,2050,1,
946684808,1530,2070,1,
946684808,1535,1962,1,
946684808,1540,2042,1,
946684808,1546,2074,1,
946684808,1552,1965,1,
946684808,1557,2031,1,
946684808,1563,2073,1,
946684808,1568,1973,1,
946684808,1574,2023,1,
946684808,1579,2074,1,
946684808,1585,1985,1,
946684808,1590,2057,1,
946684808,1597,2068,1,
946684808,1602,1960,1,
946684808,1607,2048,1,
946684808,1613,2071,1,
946684808,1618,1961,1,
946684808,1624,2041,1,
946684808,1629,2074,1,
946684808,1634,1968,1,
946684808,1641,2032,1,
946684808,1646,2070,1,
946684808,1651,1981,1,
946684808,1658,2097,1,
946684808,1664,2056,1,
946684808,1669,1922,1,
946684808,1674,2093,1,
946684808,1681,2058,1,
946684808,1686,1929,1,
946684808,1692,2087,1,
946684808,1697,2061,1,
946684808,1702,1935,1,
946684808,1708,2109,1,
946684808,1714,2052,1,
946684808,1719,1912,1,
946684808,1725,2098,1,
946684808,1731,2057,1,
946684808,1736,1923,1,
946684808,1742,2093,1,
946684808,1747,2058,1,
946684808,1752,1929,1,
946684808,1758,2089,1,
946684808,1763,2062,1,
946684808,1769,1936,1,
946684808,1775,2080,1,
946684808,1780,2066,1,
946684808,1786,1946,1,
946684808,1791,2070,1,
946684808,1796,2065,1,
946684808,1802,1954,1,
946684808,1808,2057,1,
946684808,1813,2068,1,
946684808,1819,1961,1,
946684808,1825,2095,1,
946684808,1830,2058,1,
946684808,1836,1934,1,
946684808,1841,2086,1,
946684808,1846,2064,1,
946684808,1853,1939,1,
946684808,1858,2081,1,
946684808,1863,2064,1,
946684808,1869,1951,1,
946684808,1874,2064,1,
946684808,1880,2068,1,
946684808,1885,1956,1,
946684808,1890,2056,1,
946684808,1897,2070,1,
946684808,1902,1959,1,
946684808,1907,2051,1,
946684808,1913,2074,1,
946684808,1918,1964,1,
946684808,1924,2043,1,
946684808,1929,2073,1,
946684808,1934,1972,1,
946684808,1941,2031,1,
946684808,1947,2066,1,
946684808,1952,1954,1,
946684808,1957,2065,1,
946684808,1963,2067,1,
946684808,1968,1959,1,
946684808,1974,2057,1,
946684808,1980,2070,1,
946684808,1985,1960,1,
946684808,1991,2051,1,
946684808,1996,2073,1,
946684808,2001,1969,1,
946684808,2007,2037,1,
946684808,2012,2072,1,
946684808,2018,1979,1,
946684808,2024,2031,1,
946684808,2029,2074,1,
946684808,2035,1987,1,
946684808,2040,2019,1,
946684808,2045,2074,1,
946684808,2051,1988,1,
946684808,2056,2016,1,
946684808,2062,2075,1,
946684808,2069,1962,1,
946684808,2074,2044,1,
946684808,2079,2074,1,
946684808,2085,1971,1,
946684808,2090,2033,1,
946684808,2095,2073,1,
946684808,2101,1983,1,
946684808,2107,2025,1,
946684808,2113,2077,1,
946684808,2118,1987,1,
946684808,2123,2020,1,
946684808,2129,2078,1,
946684808,2134,1990,1,
946684809,2139,2013,1,
946684809,2145,2079,1,
946684809,2151,1992,1,
946684809,2157,2010,1,
946684809,2162,2077,1,
946684809,2167,1999,1,
946684809,2173,2004,1,
946684809,2179,2073,1,
946684809,2184,1988,1,
946684809,2190,2027,1,
946684809,2196,2076,1,
946684809,2201,1988,1,
946684809,2207,2019,1,
946684809,2213,2061,1,
946684809,2219,1931,1,
946684809,2224,2092,1,
946684809,2230,2064,1,
946684809,2236,1938,1,
946684809,2241,2086,1,
946684809,2247,2070,1,
946684809,2252,1948,1,
946684809,2257,2073,1,
946684809,2263,2070,1,
946684809,2268,1954,1,
946684809,2274,2065,1,
946684809,2280,2071,1,
946684809,2285,1962,1,
946684809,2291,2056,1,
946684809,2297,2072,1,
946684809,2302,1933,1,
946684809,2308,2091,1,
946684809,2313,2062,1,
946684809,2318,1944,1,
946684809,2325,2081,1,
946684809,2330,2068,1,
946684809,2335,1957,1,
946684809,2341,2064,1,
946684809,2346,2070,1,
946684809,2351,1961,1,
946684809,2357,2057,1,
946684809,2363,2073,1,
946684809,2369,1968,1,
946684809,2374,2053,1,
946684809,2379,2077,1,
946684809,2385,1970,1,
946684809,2390,2044,1,
946684809,2395,2070,1,
946684809,2401,1987,1,
946684809,2407,2031,1,
946684809,2413,2070,1,
946684809,2419,1971,1,
946684809,2424,2059,1,
946684809,2429,2066,1,
946684809,2435,1976,1,
946684809,2440,2054,1,
946684809,2446,2068,1,
946684809,2452,1974,1,
946684809,2457,2045,1,
946684809,2463,2073,1,
946684809,2468,1983,1,
946684809,2473,2038,1,
946684809,2479,2071,1,
946684809,2484,1991,1,
946684809,2489,2031,1,
946684809,2496,2071,1,
946684809,2501,1997,1,
946684809,2507,2026,1,
946684809,2512,2070,1,
946684809,2517,2000,1,
946684809,2523,2021,1,
946684809,2528,2068,1,
946684809,2535,1984,1,
946684809,2541,2038,1,
946684809,2546,2068,1,
946684809,2551,1992,1,
946684809,2557,2034,1,
946684809,2562,2070,1,
946684809,2567,2000,1,
946684809,2573,2030,1,
946684809,2579,2067,1,
946684809,2585,2002,1,
946684809,2590,2025,1,
946684809,2595,2069,1,
946684809,2601,2003,1,
946684809,2606,2018,1,
946684809,2611,2067,1,
946684809,2617,2007,1,
946684809,2623,2017,1,
946684809,2628,2065,1,
946684809,2634,2011,1,
946684809,2639,2014,1,
946684809,2645,2066,1,
946684809,2651,2013,1,
946684809,2656,2027,1,
946684809,2662,2069,1,
946684809,2668,2003,1,
946684809,2673,2022,1,
946684809,2679,2068,1,
946684809,2684,2009,1,
946684809,2689,2020,1,
946684809,2695,2065,1,
946684809,2700,2011,1,
946684809,2706,2017,1,
946684809,2712,2065,1,
946684809,2717,2014,1,
946684809,2722,2014,1,
946684809,2728,2068,1,
946684809,2733,2013,1,
946684809,2739,2009,1,
946684809,2744,2070,1,
946684809,2750,2019,1,
946684809,2756,2008,1,
946684809,2761,2072,1,
946684809,2768,1990,1,
946684809,2774,2072,1,
946684809,2779,2063,1,
946684809,2785,1976,1,
946684809,2791,2065,1,
946684809,2797,2065,1,
946684809,2802,1983,1,
946684809,2807,2057,1,
946684809,2813,2068,1,
946684809,2818,1983,1,
946684809,2823,2052,1,
946684809,2829,2069,1,
946684809,2835,1987,1,
946684809,2840,2047,1,
946684809,2846,2069,1,
946684809,2851,1995,1,
946684809,2857,2037,1,
946684809,2862,2067,1,
946684809,2867,2001,1,
946684809,2873,2031,1,
946684809,2879,2067,1,
946684809,2884,2005,1,
946684809,2891,2057,1,
946684809,2896,2069,1,
946684809,2901,1986,1,
946684809,2907,2047,1,
946684809,2912,2066,1,
946684809,2918,1994,1,
946684809,2924,2041,1,
946684809,2929,2067,1,
946684809,2935,2001,1,
946684809,2940,2031,1,
946684809,2945,2068,1,
946684809,2951,2002,1,
946684809,2956,2027,1,
946684809,2962,2070,1,
946684809,2968,2005,1,
946684809,2973,2024,1,
946684809,2978,2068,1,
946684809,2984,2011,1,
946684809,2989,2019,1,
946684809,2995,2068,1,
946684809,3000,2012,1,
946684809,3007,2019,1,
946684809,3012,2067,1,
946684809,3018,2004,1,
946684809,3023,2033,1,
946684809,3029,2069,1,
946684809,3034,2006,1,
946684809,3039,2028,1,
946684809,3046,2070,1,
946684809,3051,2005,1,
946684809,3056,2024,1,
946684809,3062,2068,1,
946684809,3067,2012,1,
946684809,3073,2021,1,
946684809,3078,2069,1,
946684809,3083,2013,1,
946684809,3090,2017,1,
946684809,3095,2067,1,
946684809,3100,2017,1,
946684809,3106,2016,1,
946684809,3111,2072,1,
946684809,3116,2019,1,
946684809,3122,2013,1,
946684810,3135,1981,1,
946684810,3141,2062,1,
946684810,3146,2068,1,
946684810,3152,1987,1,
946684810,3157,2058,1,
946684810,3162,2070,1,
946684810,3168,1990,1,
946684810,3174,2045,1,
946684810,3179,2069,1,
946684810,3185,1999,1,
946684810,3190,2039,1,
946684810,3195,2070,1,
946684810,3201,2006,1,
946684810,3206,2029,1,
946684810,3211,2072,1,
946684810,3218,2008,1,
946684810,3223,2025,1,
946684810,3229,2069,1,
946684810,3234,2013,1,
946684810,3239,2023,1,
946684810,3245,2070,1,
946684810,3251,2005,1,
946684810,3256,2033,1,
946684810,3262,2071,1,
946684810,3268,2008,1,
946684810,3273,2027,1,
946684810,3279,2073,1,
946684810,3284,2009,1,
946684810,3289,2026,1,
946684810,3295,2071,1,
946684810,3301,2011,1,
946684810,3306,2025,1,
946684810,3312,2071,1,
946684810,3317,2014,1,
946684810,3322,2021,1,
946684810,3329,2067,1,
946684810,3335,1984,1,
946684810,3340,2066,1,
946684810,3346,2067,1,
946684810,3352,1987,1,
946684810,3357,2057,1,
946684810,3363,2071,1,
946684810,3369,1987,1,
946684810,3374,2084,1,
946684810,3379,2065,1,
946684810,3385,1974,1,
946684810,3391,2076,1,
946684810,3397,2067,1,
946684810,3402,1982,1,
946684810,3407,2066,1,
946684810,3413,2068,1,
946684810,3418,1985,1,
946684810,3423,2064,1,
946684810,3430,2069,1,
946684810,3435,1986,1,
946684810,3441,2057,1,
946684810,3446,2074,1,
946684810,3451,1992,1,
946684810,3457,2053,1,
946684810,3462,2074,1,
946684810,3467,1999,1,
946684810,3474,2045,1,
946684810,3479,2073,1,
946684810,3484,2004,1,
946684810,3491,2069,1,
946684810,3496,2066,1,
946684810,3501,1989,1,
946684810,3507,2063,1,
946684810,3512,2068,1,
946684810,3518,1992,1,
946684810,3524,2060,1,
946684810,3529,2070,1,
946684810,3535,1996,1,
946684810,3540,2051,1,
946684810,3545,2069,1,
946684810,3551,2003,1,
946684810,3557,2046,1,
946684810,3562,2074,1,
946684810,3568,2006,1,
946684810,3573,2039,1,
946684810,3579,2067,1,
946684810,3584,2007,1,
946684810,3589,2036,1,
946684810,3595,2071,1,
946684810,3601,2010,1,
946684810,3607,2054,1,
946684810,3612,2071,1,
946684810,3618,2000,1,
946684810,3623,2050,1,
946684810,3629,2069,1,
946684810,3634,2005,1,
946684810,3639,2046,1,
946684810,3646,2071,1,
946684810,3651,2008,1,
946684810,3656,2040,1,
946684810,3662,2069,1,
946684810,3667,2012,1,
946684810,3673,2037,1,
946684810,3678,2070,1,
946684810,3683,2014,1,
946684810,3690,2034,1,
946684810,3695,2069,1,
946684810,3700,2018,1,
946684810,3706,2031,1,
946684810,3711,2067,1,
946684810,3716,2018,1,
946684810,3723,2022,1,
946684810,3729,2076,1,
946684810,3734,2013,1,
946684810,3740,2035,1,
946684810,3745,2076,1,
946684810,3750,2013,1,
946684810,3756,2031,1,
946684810,3761,2073,1,
946684810,3767,2018,1,
946684810,3773,2026,1,
946684810,3778,2073,1,
946684810,3784,2018,1,
946684810,3789,2023,1,
946684810,3794,2074,1,
946684810,3800,2020,1,
946684810,3805,2019,1,
946684810,3811,2077,1,
946684810,3817,2024,1,
946684810,3822,2019,1,
946684810,3828,2080,1,
946684810,3833,2027,1,
946684810,3838,2019,1,
946684810,3844,2076,1,
946684810,3850,2019,1,
946684810,3856,2027,1,
946684810,3862,2076,1,
946684810,3867,2021,1,
946684810,3872,2023,1,
946684810,3878,2077,1,
946684810,3885,1991,1,
946684810,3890,2065,1,
946684810,3895,2077,1,
946684810,3902,1992,1,
946684810,3907,2062,1,
946684810,3912,2077,1,
946684810,3918,1995,1,
946684810,3923,2051,1,
946684810,3929,2076,1,
946684810,3934,2002,1,
946684810,3939,2045,1,
946684810,3946,2078,1,
946684810,3951,2009,1,
946684810,3956,2041,1,
946684810,3962,2074,1,
946684810,3968,1992,1,
946684810,3973,2065,1,
946684810,3979,2078,1,
946684810,3985,1994,1,
946684810,3990,2059,1,
946684810,3996,2078,1,
946684810,4001,2000,1,
946684810,4006,2051,1,
946684810,4012,2078,1,
946684810,4017,2007,1,
946684810,4023,2046,1,
946684810,4029,2075,1,
946684810,4034,2013,1,
946684810,4040,2040,1,
946684810,4045,2077,1,
946684810,4050,2015,1,
946684810,4056,2035,1,
946684810,4061,2077,1,
946684810,4067,2019,1,
946684810,4073,2030,1,
946684810,4079,2074,1,
946684810,4084,2004,1,
946684810,4090,2050,1,
946684810,4095,2078,1,
946684810,4100,2012,1,
946684810,4106,2043,1,
946684810,4112,2077,1,
946684810,4118,2015,1,
946684810,4123,2039,1,
946684810,4128,2078,1,
946684810,4134,2017,1,
946684811,4139,2034,1,
946684811,4144,2077,1,
946684811,4150,2018,1,
946684811,4156,2030,1,
946684811,4162,2077,1,
946684811,4167,2023,1,
946684811,4172,2029,1,
946684811,4178,2077,1,
946684811,4183,2025,1,
946684811,4188,2028,1,
946684811,4194,2079,1,
946684811,4201,2013,1,
946684811,4206,2036,1,
946684811,4212,2081,1,
946684811,4217,2021,1,
946684811,4222,2033,1,
946684811,4228,2077,1,
946684811,4233,2022,1,
946684811,4238,2031,1,
946684811,4245,2077,1,
946684811,4250,2025,1,
946684811,4256,2026,1,
946684811,4261,2079,1,
946684811,4266,2028,1,
946684811,4272,2025,1,
946684811,4277,2081,1,
946684811,4283,2032,1,
946684811,4289,2023,1,
946684811,4294,2082,1,
946684811,4300,2035,1,
946684811,4305,2020,1,
946684811,4310,2086,1,
946684811,4316,2023,1,
946684811,4322,2028,1,
946684811,4328,2076,1,
946684811,4333,2026,1,
946684811,4339,2027,1,
946684811,4344,2083,1,
946684811,4350,2028,1,
946684811,4355,2023,1,
946684811,4360,2084,1,
946684811,4366,2033,1,
946684811,4372,2021,1,
946684811,4377,2087,1,
946684811,4383,2036,1,
946684811,4388,2016,1,
946684811,4394,2091,1,
946684811,4399,2040,1,
946684811,4404,2008,1,
946684811,4411,2097,1,
946684811,4416,2041,1,
946684811,4421,2000,1,
946684811,4427,2101,1,
946684811,4433,2042,1,
946684811,4440,2065,1,
946684811,4445,2082,1,
946684811,4450,2005,1,
946684811,4457,2056,1,
946684811,4462,2081,1,
946684811,4468,2010,1,
946684811,4473,2051,1,
946684811,4478,2081,1,
946684811,4484,2015,1,
946684811,4489,2047,1,
946684811,4494,2083,1,
946684811,4501,2017,1,
946684811,4506,2040,1,
946684811,4512,2083,1,
946684811,4517,2023,1,
946684811,4522,2036,1,
946684811,4528,2080,1,
946684811,4533,2024,1,
946684811,4539,2035,1,
946684811,4545,2078,1,
946684811,4550,2026,1,
946684811,4556,2048,1,
946684811,4562,2084,1,
946684811,4567,2017,1,
946684811,4572,2043,1,
946684811,4578,2083,1,
946684811,4584,2022,1,
946684811,4589,2039,1,
946684811,4595,2081,1,
946684811,4600,2025,1,
946684811,4606,2037,1,
946684811,4611,2081,1,
946684811,4616,2028,1,
946684811,4622,2034,1,
946684811,4628,2080,1,
946684811,4633,2030,1,
946684811,4639,2030,1,
946684811,4644,2082,1,
946684811,4650,2033,1,
946684811,4655,2030,1,
946684811,4660,2086,1,
946684811,4667,2035,1,
946684811,4673,2040,1,
946684811,4678,2084,1,
946684811,4684,2025,1,
946684811,4689,2036,1,
946684811,4694,2081,1,
946684811,4700,2028,1,
946684811,4705,2032,1,
946684811,4711,2083,1,
946684811,4717,2032,1,
946684811,4722,2027,1,
946684811,4727,2087,1,
946684811,4733,2033,1,
946684811,4738,2028,1,
946684811,4744,2092,1,
946684811,4749,2040,1,
946684811,4755,2023,1,
946684811,4761,2090,1,
946684811,4766,2038,1,
946684811,4771,2016,1,
946684811,4777,2096,1,
946684811,4782,2044,1,
946684811,4788,2007,1,
946684811,4795,2086,1,
946684811,4800,2030,1,
946684811,4805,2029,1,
946684811,4811,2087,1,
946684811,4816,2037,1,
946684811,4822,2026,1,
946684811,4827,2093,1,
946684811,4832,2040,1,
946684811,4839,2020,1,
946684811,4844,2093,1,
946684811,4849,2042,1,
946684811,4855,2012,1,
946684811,4860,2100,1,
946684811,4865,2044,1,
946684811,4871,2004,1,
946684811,4876,2111,1,
946684811,4883,2048,1,
946684811,4888,1997,1,
946684811,4893,2116,1,
946684811,4899,2051,1,
946684811,4904,1987,1,
946684811,4910,2091,1,
946684811,4916,2042,1,
946684811,4921,2019,1,
946684811,4927,2097,1,
946684811,4933,2044,1,
946684811,4938,2012,1,
946684811,4943,2104,1,
946684811,4949,2044,1,
946684811,4954,2006,1,
946684811,4960,2112,1,
946684811,4966,2048,1,
946684811,4971,2000,1,
946684811,4977,2119,1,
946684811,4982,2050,1,
946684811,4987,1992,1,
946684811,4994,2082,1,
946684811,5000,2028,1,
946684811,5005,2044,1,
946684811,5011,2080,1,
946684811,5017,2030,1,
946684811,5022,2037,1,
946684811,5028,2083,1,
946684811,5034,2022,1,
946684811,5039,2047,1,
946684811,5044,2083,1,
946684811,5051,2025,1,
946684811,5056,2048,1,
946684811,5061,2080,1,
946684811,5067,2028,1,
946684811,5072,2041,1,
946684811,5078,2081,1,
946684811,5083,2031,1,
946684811,5088,2041,1,
946684811,5095,2083,1,
946684811,5100,2032,1,
946684811,5105,2040,1,
946684811,5111,2086,1,
946684811,5116,2034,1,
946684811,5122,2035,1,
946684811,5127,2087,1,
946684811,5132,2037,1,
946684812,5139,2036,1,
946684812,5145,2088,1,
946684812,5150,2028,1,
946684812,5155,2045,1,
946684812,5161,2080,1,
946684812,5166,2034,1,
946684812,5172,2041,1,
946684812,5177,2085,1,
946684812,5183,2033,1,
946684812,5189,2038,1,
946684812,5194,2085,1,
946684812,5199,2037,1,
946684812,5205,2039,1,
946684812,5210,2090,1,
946684812,5216,2042,1,
946684812,5222,2034,1,
946684812,5227,2092,1,
946684812,5233,2045,1,
946684812,5238,2029,1,
946684812,5243,2096,1,
946684812,5249,2047,1,
946684812,5254,2018,1,
946684812,5260,2103,1,
946684812,5267,2036,1,
946684812,5272,2035,1,
946684812,5277,2091,1,
946684812,5283,2040,1,
946684812,5288,2036,1,
946684812,5293,2091,1,
946684812,5299,2045,1,
946684812,5304,2027,1,
946684812,5311,2096,1,
946684812,5316,2045,1,
946684812,5321,2019,1,
946684812,5327,2103,1,
946684812,5332,2045,1,
946684812,5337,2013,1,
946684812,5343,2113,1,
946684812,5349,2051,1,
946684812,5355,2005,1,
946684812,5360,2120,1,
946684812,5365,2055,1,
946684812,5371,1993,1,
946684812,5376,2124,1,
946684812,5382,2046,1,
946684812,5388,2024,1,
946684812,5394,2102,1,
946684812,5399,2049,1,
946684812,5405,2014,1,
946684812,5410,2106,1,
946684812,5415,2051,1,
946684812,5421,2008,1,
946684812,5426,2113,1,
946684812,5432,2055,1,
946684812,5438,2000,1,
946684812,5443,2120,1,
946684812,5449,2057,1,
946684812,5454,1993,1,
946684812,5459,2126,1,
946684812,5465,2059,1,
946684812,5470,1979,1,
946684812,5475,2132,1,
946684812,5482,2065,1,
946684812,5487,1972,1,
946684812,5493,2139,1,
946684812,5499,2068,1,
946684812,5504,2005,1,
946684812,5509,2121,1,
946684812,5515,2057,1,
946684812,5521,2001,1,
946684812,5527,2123,1,
946684812,5532,2060,1,
946684812,5537,1986,1,
946684812,5543,2130,1,
946684812,5550,2038,1,
946684812,5555,2040,1,
946684812,5560,2091,1,
946684812,5567,2039,1,
946684812,5572,2037,1,
946684812,5577,2093,1,
946684812,5583,2040,1,
946684812,5588,2034,1,
946684812,5593,2096,1,
946684812,5599,2045,1,
946684812,5605,2029,1,
946684812,5611,2097,1,
946684812,5616,2050,1,
946684812,5622,2041,1,
946684812,5627,2090,1,
946684812,5633,2038,1,
946684812,5638,2040,1,
946684812,5644,2094,1,
946684812,5650,2042,1,
946684812,5655,2040,1,
946684812,5661,2096,1,
946684812,5666,2045,1,
946684812,5671,2037,1,
946684812,5677,2097,1,
946684812,5682,2047,1,
946684812,5687,2030,1,
946684812,5694,2100,1,
946684812,5699,2050,1,
946684812,5705,2024,1,
946684812,5710,2109,1,
946684812,5715,2054,1,
946684812,5721,2013,1,
946684812,5726,2115,1,
946684812,5731,2057,1,
946684812,5739,2038,1,
946684812,5744,2099,1,
946684812,5749,2048,1,
946684812,5755,2035,1,
946684812,5760,2098,1,
946684812,5765,2048,1,
946684812,5771,2029,1,
946684812,5777,2104,1,
946684812,5783,2052,1,
946684812,5788,2024,1,
946684812,5793,2108,1,
946684812,5799,2055,1,
946684812,5804,2014,1,
946684812,5809,2114,1,
946684812,5815,2061,1,
946684812,5821,2008,1,
946684812,5827,2119,1,
946684812,5832,2064,1,
946684812,5837,1999,1,
946684812,5843,2125,1,
946684812,5848,2063,1,
946684812,5854,1988,1,
946684812,5859,2103,1,
946684812,5866,2057,1,
946684812,5871,2018,1,
946684812,5877,2113,1,
946684812,5882,2057,1,
946684812,5887,2010,1,
946684812,5893,2118,1,
946684812,5898,2060,1,
946684812,5904,2004,1,
946684812,5910,2124,1,
946684812,5915,2063,1,
946684812,5921,1992,1,
946684812,5926,2128,1,
946684812,5931,2065,1,
946684812,5937,1988,1,
946684812,5942,2134,1,
946684812,5948,2070,1,
946684812,5954,1986,1,
946684812,5959,2134,1,
946684812,5964,2072,1,
946684812,5970,1981,1,
946684812,5976,2122,1,
946684812,5981,2065,1,
946684812,5987,1996,1,
946684812,5993,2128,1,
946684812,5998,2066,1,
946684812,6004,1991,1,
946684812,6009,2135,1,
946684812,6015,2070,1,
946684812,6020,1983,1,
946684812,6025,2138,1,
946684812,6032,2072,1,
946684812,6037,1984,1,
946684812,6042,2139,1,
946684812,6048,2073,1,
946684812,6053,1980,1,
946684812,6059,2139,1,
946684812,6064,2076,1,
946684812,6069,1976,1,
946684812,6076,2136,1,
946684812,6081,2077,1,
946684812,6086,1977,1,
946684812,6092,2137,1,
946684812,6098,2072,1,
